   1.1621626e+01   1.3497735e-01
   1.1711716e+01   2.7756230e-01
   1.1801806e+01   4.1909233e-01
   1.1891896e+01   5.5959028e-01
   1.1981986e+01   6.9907830e-01
   1.2072076e+01   8.3757791e-01
   1.2162167e+01   9.7511003e-01
   1.2252257e+01   1.1116950e+00
   1.2342347e+01   1.2473525e+00
   1.2432437e+01   1.3821017e+00
   1.2522527e+01   1.5159613e+00
   1.2612617e+01   1.6489495e+00
   1.2702707e+01   1.7810839e+00
   1.2792797e+01   1.9123815e+00
   1.2882887e+01   2.0428593e+00
   1.2972978e+01   2.1725332e+00
   1.3063068e+01   2.3014193e+00
   1.3153158e+01   2.4295328e+00
   1.3243248e+01   2.5568888e+00
   1.3333338e+01   2.6835017e+00
   1.3423428e+01   2.8093860e+00
   1.3513518e+01   2.9345552e+00
   1.3603608e+01   3.0590230e+00
   1.3693699e+01   3.1828025e+00
   1.3783789e+01   3.3059064e+00
   1.3873879e+01   3.4283472e+00
   1.3963969e+01   3.5501372e+00
   1.4054059e+01   3.6712881e+00
   1.4144149e+01   3.7918114e+00
   1.4234239e+01   3.9117185e+00
   1.4324329e+01   4.0310204e+00
   1.4414420e+01   4.1497277e+00
   1.4504510e+01   4.2678509e+00
   1.4594600e+01   4.3854003e+00
   1.4684690e+01   4.5023857e+00
   1.4774780e+01   4.6188170e+00
   1.4864870e+01   4.7347035e+00
   1.4954960e+01   4.8500546e+00
   1.5045050e+01   4.9648793e+00
   1.5135141e+01   5.0791864e+00
   1.5225231e+01   5.1929846e+00
   1.5315321e+01   5.3062822e+00
   1.5405411e+01   5.4190875e+00
   1.5495501e+01   5.5314086e+00
   1.5585591e+01   5.6432532e+00
   1.5675681e+01   5.7546291e+00
   1.5765771e+01   5.8655438e+00
   1.5855862e+01   5.9760046e+00
   1.5945952e+01   6.0860187e+00
   1.6036042e+01   6.1955930e+00
   1.6126132e+01   6.3047345e+00
   1.6216222e+01   6.4134499e+00
   1.6306312e+01   6.5217456e+00
   1.6396402e+01   6.6296281e+00
   1.6486492e+01   6.7371036e+00
   1.6576583e+01   6.8441784e+00
   1.6666673e+01   6.9508584e+00
   1.6756763e+01   7.0571494e+00
   1.6846853e+01   7.1630573e+00
   1.6936943e+01   7.2685876e+00
   1.7027033e+01   7.3737459e+00
   1.7117123e+01   7.4785375e+00
   1.7207213e+01   7.5829677e+00
   1.7297303e+01   7.6870417e+00
   1.7387394e+01   7.7907645e+00
   1.7477484e+01   7.8941412e+00
   1.7567574e+01   7.9971764e+00
   1.7657664e+01   8.0998751e+00
   1.7747754e+01   8.2022418e+00
   1.7837844e+01   8.3042810e+00
   1.7927934e+01   8.4059974e+00
   1.8018024e+01   8.5073952e+00
   1.8108115e+01   8.6084787e+00
   1.8198205e+01   8.7092522e+00
   1.8288295e+01   8.8097196e+00
   1.8378385e+01   8.9098852e+00
   1.8468475e+01   9.0097528e+00
   1.8558565e+01   9.1093263e+00
   1.8648655e+01   9.2086095e+00
   1.8738745e+01   9.3076062e+00
   1.8828836e+01   9.4063199e+00
   1.8918926e+01   9.5047543e+00
   1.9009016e+01   9.6029128e+00
   1.9099106e+01   9.7007990e+00
   1.9189196e+01   9.7984162e+00
   1.9279286e+01   9.8957677e+00
   1.9369376e+01   9.9928568e+00
   1.9459466e+01   1.0089687e+01
   1.9549557e+01   1.0186260e+01
   1.9639647e+01   1.0282581e+01
   1.9729737e+01   1.0378651e+01
   1.9819827e+01   1.0474475e+01
   1.9909917e+01   1.0570054e+01
   2.0000007e+01   1.0665392e+01
   2.0090097e+01   1.0760492e+01
   2.0180187e+01   1.0855355e+01
   2.0270278e+01   1.0949986e+01
   2.0360368e+01   1.1044385e+01
   2.0450458e+01   1.1138557e+01
   2.0540548e+01   1.1232504e+01
   2.0630638e+01   1.1326228e+01
   2.0720728e+01   1.1419731e+01
   2.0810818e+01   1.1513016e+01
   2.0900908e+01   1.1606086e+01
   2.0990998e+01   1.1698942e+01
   2.1081089e+01   1.1791588e+01
   2.1171179e+01   1.1884024e+01
   2.1261269e+01   1.1976254e+01
   2.1351359e+01   1.2068279e+01
   2.1441449e+01   1.2160102e+01
   2.1531539e+01   1.2251725e+01
   2.1621629e+01   1.2343149e+01
   2.1711719e+01   1.2434378e+01
   2.1801810e+01   1.2525412e+01
   2.1891900e+01   1.2616253e+01
   2.1981990e+01   1.2706905e+01
   2.2072080e+01   1.2797367e+01
   2.2162170e+01   1.2887643e+01
   2.2252260e+01   1.2977735e+01
   2.2342350e+01   1.3067643e+01
   2.2432440e+01   1.3157369e+01
   2.2522531e+01   1.3246916e+01
   2.2612621e+01   1.3336285e+01
   2.2702711e+01   1.3425477e+01
   2.2792801e+01   1.3514495e+01
   2.2882891e+01   1.3603340e+01
   2.2972981e+01   1.3692013e+01
   2.3063071e+01   1.3780516e+01
   2.3153161e+01   1.3868851e+01
   2.3243252e+01   1.3957018e+01
   2.3333342e+01   1.4045020e+01
   2.3423432e+01   1.4132858e+01
   2.3513522e+01   1.4220533e+01
   2.3603612e+01   1.4308047e+01
   2.3693702e+01   1.4395401e+01
   2.3783792e+01   1.4482596e+01
   2.3873882e+01   1.4569634e+01
   2.3963973e+01   1.4656516e+01
   2.4054063e+01   1.4743243e+01
   2.4144153e+01   1.4829817e+01
   2.4234243e+01   1.4916238e+01
   2.4324333e+01   1.5002509e+01
   2.4414423e+01   1.5088629e+01
   2.4504513e+01   1.5174601e+01
   2.4594603e+01   1.5260426e+01
   2.4684694e+01   1.5346103e+01
   2.4774784e+01   1.5431636e+01
   2.4864874e+01   1.5517024e+01
   2.4954964e+01   1.5602270e+01
   2.5045054e+01   1.5687373e+01
   2.5135144e+01   1.5772335e+01
   2.5225234e+01   1.5857157e+01
   2.5315324e+01   1.5941840e+01
   2.5405414e+01   1.6026385e+01
   2.5495505e+01   1.6110793e+01
   2.5585595e+01   1.6195065e+01
   2.5675685e+01   1.6279201e+01
   2.5765775e+01   1.6363203e+01
   2.5855865e+01   1.6447072e+01
   2.5945955e+01   1.6530809e+01
   2.6036045e+01   1.6614414e+01
   2.6126135e+01   1.6697888e+01
   2.6216226e+01   1.6781232e+01
   2.6306316e+01   1.6864447e+01
   2.6396406e+01   1.6947533e+01
   2.6486496e+01   1.7030492e+01
   2.6576586e+01   1.7113325e+01
   2.6666676e+01   1.7196032e+01
   2.6756766e+01   1.7278613e+01
   2.6846856e+01   1.7361070e+01
   2.6936947e+01   1.7443403e+01
   2.7027037e+01   1.7525613e+01
   2.7117127e+01   1.7607701e+01
   2.7207217e+01   1.7689668e+01
   2.7297307e+01   1.7771513e+01
   2.7387397e+01   1.7853239e+01
   2.7477487e+01   1.7934844e+01
   2.7567577e+01   1.8016331e+01
   2.7657668e+01   1.8097699e+01
   2.7747758e+01   1.8178950e+01
   2.7837848e+01   1.8260084e+01
   2.7927938e+01   1.8341101e+01
   2.8018028e+01   1.8422003e+01
   2.8108118e+01   1.8502789e+01
   2.8198208e+01   1.8583460e+01
   2.8288298e+01   1.8664017e+01
   2.8378389e+01   1.8744461e+01
   2.8468479e+01   1.8824791e+01
   2.8558569e+01   1.8905009e+01
   2.8648659e+01   1.8985115e+01
   2.8738749e+01   1.9065109e+01
   2.8828839e+01   1.9144992e+01
   2.8918929e+01   1.9224765e+01
   2.9009019e+01   1.9304427e+01
   2.9099110e+01   1.9383980e+01
   2.9189200e+01   1.9463424e+01
   2.9279290e+01   1.9542759e+01
   2.9369380e+01   1.9621986e+01
   2.9459470e+01   1.9701105e+01
   2.9549560e+01   1.9780117e+01
   2.9639650e+01   1.9859021e+01
   2.9729740e+01   1.9937819e+01
   2.9819830e+01   2.0016511e+01
   2.9909921e+01   2.0095097e+01
   3.0000011e+01   2.0173577e+01
   3.0090101e+01   2.0251953e+01
   3.0180191e+01   2.0330224e+01
   3.0270281e+01   2.0408390e+01
   3.0360371e+01   2.0486453e+01
   3.0450461e+01   2.0564412e+01
   3.0540551e+01   2.0642267e+01
   3.0630642e+01   2.0720020e+01
   3.0720732e+01   2.0797670e+01
   3.0810822e+01   2.0875217e+01
   3.0900912e+01   2.0952663e+01
   3.0991002e+01   2.1030007e+01
   3.1081092e+01   2.1107249e+01
   3.1171182e+01   2.1184390e+01
   3.1261272e+01   2.1261431e+01
   3.1351363e+01   2.1338370e+01
   3.1441453e+01   2.1415210e+01
   3.1531543e+01   2.1491949e+01
   3.1621633e+01   2.1568588e+01
   3.1711723e+01   2.1645128e+01
   3.1801813e+01   2.1721569e+01
   3.1891903e+01   2.1797910e+01
   3.1981993e+01   2.1874152e+01
   3.2072084e+01   2.1950296e+01
   3.2162174e+01   2.2026341e+01
   3.2252264e+01   2.2102288e+01
   3.2342354e+01   2.2178136e+01
   3.2432444e+01   2.2253887e+01
   3.2522534e+01   2.2329540e+01
   3.2612624e+01   2.2405096e+01
   3.2702714e+01   2.2480554e+01
   3.2792805e+01   2.2555915e+01
   3.2882895e+01   2.2631179e+01
   3.2972985e+01   2.2706346e+01
   3.3063075e+01   2.2781416e+01
   3.3153165e+01   2.2856390e+01
   3.3243255e+01   2.2931267e+01
   3.3333345e+01   2.3006048e+01
   3.3423435e+01   2.3080733e+01
   3.3513525e+01   2.3155321e+01
   3.3603616e+01   2.3229814e+01
   3.3693706e+01   2.3304211e+01
   3.3783796e+01   2.3378512e+01
   3.3873886e+01   2.3452717e+01
   3.3963976e+01   2.3526827e+01
   3.4054066e+01   2.3600842e+01
   3.4144156e+01   2.3674761e+01
   3.4234246e+01   2.3748584e+01
   3.4324337e+01   2.3822313e+01
   3.4414427e+01   2.3895946e+01
   3.4504517e+01   2.3969485e+01
   3.4594607e+01   2.4042928e+01
   3.4684697e+01   2.4116276e+01
   3.4774787e+01   2.4189530e+01
   3.4864877e+01   2.4262688e+01
   3.4954967e+01   2.4335752e+01
   3.5045058e+01   2.4408721e+01
   3.5135148e+01   2.4481595e+01
   3.5225238e+01   2.4554374e+01
   3.5315328e+01   2.4627059e+01
   3.5405418e+01   2.4699648e+01
   3.5495508e+01   2.4772144e+01
   3.5585598e+01   2.4844544e+01
   3.5675688e+01   2.4916850e+01
   3.5765779e+01   2.4989061e+01
   3.5855869e+01   2.5061177e+01
   3.5945959e+01   2.5133198e+01
   3.6036049e+01   2.5205125e+01
   3.6126139e+01   2.5276957e+01
   3.6216229e+01   2.5348694e+01
   3.6306319e+01   2.5420337e+01
   3.6396409e+01   2.5491884e+01
   3.6486500e+01   2.5563337e+01
   3.6576590e+01   2.5634694e+01
   3.6666680e+01   2.5705957e+01
   3.6756770e+01   2.5777124e+01
   3.6846860e+01   2.5848196e+01
   3.6936950e+01   2.5919174e+01
   3.7027040e+01   2.5990056e+01
   3.7117130e+01   2.6060842e+01
   3.7207221e+01   2.6131533e+01
   3.7297311e+01   2.6202129e+01
   3.7387401e+01   2.6272629e+01
   3.7477491e+01   2.6343033e+01
   3.7567581e+01   2.6413342e+01
   3.7657671e+01   2.6483555e+01
   3.7747761e+01   2.6553672e+01
   3.7837851e+01   2.6623692e+01
   3.7927941e+01   2.6693617e+01
   3.8018032e+01   2.6763445e+01
   3.8108122e+01   2.6833177e+01
   3.8198212e+01   2.6902812e+01
   3.8288302e+01   2.6972351e+01
   3.8378392e+01   2.7041793e+01
   3.8468482e+01   2.7111138e+01
   3.8558572e+01   2.7180385e+01
   3.8648662e+01   2.7249536e+01
   3.8738753e+01   2.7318589e+01
   3.8828843e+01   2.7387545e+01
   3.8918933e+01   2.7456403e+01
   3.9009023e+01   2.7525163e+01
   3.9099113e+01   2.7593825e+01
   3.9189203e+01   2.7662389e+01
   3.9279293e+01   2.7730854e+01
   3.9369383e+01   2.7799221e+01
   3.9459474e+01   2.7867489e+01
   3.9549564e+01   2.7935659e+01
   3.9639654e+01   2.8003729e+01
   3.9729744e+01   2.8071700e+01
   3.9819834e+01   2.8139571e+01
   3.9909924e+01   2.8207343e+01
   4.0000014e+01   2.8275015e+01
   4.0090104e+01   2.8342586e+01
   4.0180195e+01   2.8410058e+01
   4.0270285e+01   2.8477428e+01
   4.0360375e+01   2.8544698e+01
   4.0450465e+01   2.8611867e+01
   4.0540555e+01   2.8678935e+01
   4.0630645e+01   2.8745901e+01
   4.0720735e+01   2.8812765e+01
   4.0810825e+01   2.8879528e+01
   4.0900916e+01   2.8946188e+01
   4.0991006e+01   2.9012746e+01
   4.1081096e+01   2.9079201e+01
   4.1171186e+01   2.9145553e+01
   4.1261276e+01   2.9211801e+01
   4.1351366e+01   2.9277946e+01
   4.1441456e+01   2.9343987e+01
   4.1531546e+01   2.9409925e+01
   4.1621637e+01   2.9475757e+01
   4.1711727e+01   2.9541485e+01
   4.1801817e+01   2.9607108e+01
   4.1891907e+01   2.9672626e+01
   4.1981997e+01   2.9738038e+01
   4.2072087e+01   2.9803345e+01
   4.2162177e+01   2.9868545e+01
   4.2252267e+01   2.9933638e+01
   4.2342357e+01   2.9998625e+01
   4.2432448e+01   3.0063505e+01
   4.2522538e+01   3.0128277e+01
   4.2612628e+01   3.0192941e+01
   4.2702718e+01   3.0257497e+01
   4.2792808e+01   3.0321945e+01
   4.2882898e+01   3.0386284e+01
   4.2972988e+01   3.0450513e+01
   4.3063078e+01   3.0514633e+01
   4.3153169e+01   3.0578643e+01
   4.3243259e+01   3.0642543e+01
   4.3333349e+01   3.0706332e+01
   4.3423439e+01   3.0770011e+01
   4.3513529e+01   3.0833577e+01
   4.3603619e+01   3.0897032e+01
   4.3693709e+01   3.0960375e+01
   4.3783799e+01   3.1023605e+01
   4.3873890e+01   3.1086723e+01
   4.3963980e+01   3.1149727e+01
   4.4054070e+01   3.1212617e+01
   4.4144160e+01   3.1275393e+01
   4.4234250e+01   3.1338054e+01
   4.4324340e+01   3.1400601e+01
   4.4414430e+01   3.1463032e+01
   4.4504520e+01   3.1525347e+01
   4.4594611e+01   3.1587546e+01
   4.4684701e+01   3.1649628e+01
   4.4774791e+01   3.1711593e+01
   4.4864881e+01   3.1773440e+01
   4.4954971e+01   3.1835169e+01
   4.5045061e+01   3.1896780e+01
   4.5135151e+01   3.1958271e+01
   4.5225241e+01   3.2019643e+01
   4.5315332e+01   3.2080895e+01
   4.5405422e+01   3.2142027e+01
   4.5495512e+01   3.2203038e+01
   4.5585602e+01   3.2263927e+01
   4.5675692e+01   3.2324695e+01
   4.5765782e+01   3.2385340e+01
   4.5855872e+01   3.2445862e+01
   4.5945962e+01   3.2506261e+01
   4.6036052e+01   3.2566536e+01
   4.6126143e+01   3.2626686e+01
   4.6216233e+01   3.2686712e+01
   4.6306323e+01   3.2746611e+01
   4.6396413e+01   3.2806385e+01
   4.6486503e+01   3.2866032e+01
   4.6576593e+01   3.2925553e+01
   4.6666683e+01   3.2984945e+01
   4.6756773e+01   3.3044209e+01
   4.6846864e+01   3.3103344e+01
   4.6936954e+01   3.3162350e+01
   4.7027044e+01   3.3221226e+01
   4.7117134e+01   3.3279972e+01
   4.7207224e+01   3.3338586e+01
   4.7297314e+01   3.3397069e+01
   4.7387404e+01   3.3455419e+01
   4.7477494e+01   3.3513636e+01
   4.7567585e+01   3.3571720e+01
   4.7657675e+01   3.3629670e+01
   4.7747765e+01   3.3687484e+01
   4.7837855e+01   3.3745164e+01
   4.7927945e+01   3.3802707e+01
   4.8018035e+01   3.3860114e+01
   4.8108125e+01   3.3917383e+01
   4.8198215e+01   3.3974515e+01
   4.8288306e+01   3.4031507e+01
   4.8378396e+01   3.4088361e+01
   4.8468486e+01   3.4145074e+01
   4.8558576e+01   3.4201647e+01
   4.8648666e+01   3.4258078e+01
   4.8738756e+01   3.4314368e+01
   4.8828846e+01   3.4370514e+01
   4.8918936e+01   3.4426518e+01
   4.9009027e+01   3.4482377e+01
   4.9099117e+01   3.4538091e+01
   4.9189207e+01   3.4593660e+01
   4.9279297e+01   3.4649082e+01
   4.9369387e+01   3.4704357e+01
   4.9459477e+01   3.4759485e+01
   4.9549567e+01   3.4814464e+01
   4.9639657e+01   3.4869293e+01
   4.9729748e+01   3.4923973e+01
   4.9819838e+01   3.4978501e+01
   4.9909928e+01   3.5032878e+01
   5.0000018e+01   3.5087103e+01
   5.0090108e+01   3.5141174e+01
   5.0180198e+01   3.5195092e+01
   5.0270288e+01   3.5248854e+01
   5.0360378e+01   3.5302461e+01
   5.0450468e+01   3.5355912e+01
   5.0540559e+01   3.5409205e+01
   5.0630649e+01   3.5462340e+01
   5.0720739e+01   3.5515316e+01
   5.0810829e+01   3.5568132e+01
   5.0900919e+01   3.5620788e+01
   5.0991009e+01   3.5673282e+01
   5.1081099e+01   3.5725613e+01
   5.1171189e+01   3.5777782e+01
   5.1261280e+01   3.5829786e+01
   5.1351370e+01   3.5881625e+01
   5.1441460e+01   3.5933297e+01
   5.1531550e+01   3.5984803e+01
   5.1621640e+01   3.6036141e+01
   5.1711730e+01   3.6087310e+01
   5.1801820e+01   3.6138310e+01
   5.1891910e+01   3.6189138e+01
   5.1982001e+01   3.6239795e+01
   5.2072091e+01   3.6290280e+01
   5.2162181e+01   3.6340591e+01
   5.2252271e+01   3.6390727e+01
   5.2342361e+01   3.6440687e+01
   5.2432451e+01   3.6490471e+01
   5.2522541e+01   3.6540077e+01
   5.2612631e+01   3.6589505e+01
   5.2702722e+01   3.6638753e+01
   5.2792812e+01   3.6687820e+01
   5.2882902e+01   3.6736705e+01
   5.2972992e+01   3.6785408e+01
   5.3063082e+01   3.6833926e+01
   5.3153172e+01   3.6882260e+01
   5.3243262e+01   3.6930407e+01
   5.3333352e+01   3.6978368e+01
   5.3423443e+01   3.7026140e+01
   5.3513533e+01   3.7073722e+01
   5.3603623e+01   3.7121114e+01
   5.3693713e+01   3.7168315e+01
   5.3783803e+01   3.7215322e+01
   5.3873893e+01   3.7262135e+01
   5.3963983e+01   3.7308754e+01
   5.4054073e+01   3.7355176e+01
   5.4144164e+01   3.7401400e+01
   5.4234254e+01   3.7447425e+01
   5.4324344e+01   3.7493251e+01
   5.4414434e+01   3.7538875e+01
   5.4504524e+01   3.7584297e+01
   5.4594614e+01   3.7629515e+01
   5.4684704e+01   3.7674528e+01
   5.4774794e+01   3.7719335e+01
   5.4864884e+01   3.7763934e+01
   5.4954975e+01   3.7808325e+01
   5.5045065e+01   3.7852505e+01
   5.5135155e+01   3.7896474e+01
   5.5225245e+01   3.7940230e+01
   5.5315335e+01   3.7983772e+01
   5.5405425e+01   3.8027099e+01
   5.5495515e+01   3.8070208e+01
   5.5585605e+01   3.8113099e+01
   5.5675696e+01   3.8155771e+01
   5.5765786e+01   3.8198222e+01
   5.5855876e+01   3.8240450e+01
   5.5945966e+01   3.8282454e+01
   5.6036056e+01   3.8324233e+01
   5.6126146e+01   3.8365785e+01
   5.6216236e+01   3.8407109e+01
   5.6306326e+01   3.8448203e+01
   5.6396417e+01   3.8489066e+01
   5.6486507e+01   3.8529696e+01
   5.6576597e+01   3.8570091e+01
   5.6666687e+01   3.8610251e+01
   5.6756777e+01   3.8650173e+01
   5.6846867e+01   3.8689856e+01
   5.6936957e+01   3.8729299e+01
   5.7027047e+01   3.8768499e+01
   5.7117138e+01   3.8807456e+01
   5.7207228e+01   3.8846167e+01
   5.7297318e+01   3.8884631e+01
   5.7387408e+01   3.8922847e+01
   5.7477498e+01   3.8960812e+01
   5.7567588e+01   3.8998525e+01
   5.7657678e+01   3.9035984e+01
   5.7747768e+01   3.9073187e+01
   5.7837859e+01   3.9110133e+01
   5.7927949e+01   3.9146820e+01
   5.8018039e+01   3.9183246e+01
   5.8108129e+01   3.9219410e+01
   5.8198219e+01   3.9255309e+01
   5.8288309e+01   3.9290942e+01
   5.8378399e+01   3.9326306e+01
   5.8468489e+01   3.9361401e+01
   5.8558579e+01   3.9396224e+01
   5.8648670e+01   3.9430773e+01
   5.8738760e+01   3.9465046e+01
   5.8828850e+01   3.9499042e+01
   5.8918940e+01   3.9532759e+01
   5.9009030e+01   3.9566193e+01
   5.9099120e+01   3.9599345e+01
   5.9189210e+01   3.9632211e+01
   5.9279300e+01   3.9664789e+01
   5.9369391e+01   3.9697077e+01
   5.9459481e+01   3.9729074e+01
   5.9549571e+01   3.9760778e+01
   5.9639661e+01   3.9792185e+01
   5.9729751e+01   3.9823295e+01
   5.9819841e+01   3.9854104e+01
   5.9909931e+01   3.9884611e+01
   6.0000021e+01   3.9914814e+01
   6.0090112e+01   3.9944710e+01
   6.0180202e+01   3.9974297e+01
   6.0270292e+01   4.0003573e+01
   6.0360382e+01   4.0032535e+01
   6.0450472e+01   4.0061182e+01
   6.0540562e+01   4.0089511e+01
   6.0630652e+01   4.0117519e+01
   6.0720742e+01   4.0145205e+01
   6.0810833e+01   4.0172565e+01
   6.0900923e+01   4.0199598e+01
   6.0991013e+01   4.0226301e+01
   6.1081103e+01   4.0252672e+01
   6.1171193e+01   4.0278707e+01
   6.1261283e+01   4.0304406e+01
   6.1351373e+01   4.0329764e+01
   6.1441463e+01   4.0354780e+01
   6.1531554e+01   4.0379451e+01
   6.1621644e+01   4.0403774e+01
   6.1711734e+01   4.0427747e+01
   6.1801824e+01   4.0451366e+01
   6.1891914e+01   4.0474631e+01
   6.1982004e+01   4.0497537e+01
   6.2072094e+01   4.0520082e+01
   6.2162184e+01   4.0542263e+01
   6.2252275e+01   4.0564077e+01
   6.2342365e+01   4.0585522e+01
   6.2432455e+01   4.0606595e+01
   6.2522545e+01   4.0627292e+01
   6.2612635e+01   4.0647612e+01
   6.2702725e+01   4.0667550e+01
   6.2792815e+01   4.0687105e+01
   6.2882905e+01   4.0706272e+01
   6.2972995e+01   4.0725050e+01
   6.3063086e+01   4.0743434e+01
   6.3153176e+01   4.0761423e+01
   6.3243266e+01   4.0779012e+01
   6.3333356e+01   4.0796199e+01
   6.3423446e+01   4.0812981e+01
   6.3513536e+01   4.0829354e+01
   6.3603626e+01   4.0845315e+01
   6.3693716e+01   4.0860860e+01
   6.3783807e+01   4.0875988e+01
   6.3873897e+01   4.0890693e+01
   6.3963987e+01   4.0904973e+01
   6.4054077e+01   4.0918824e+01
   6.4144167e+01   4.0932244e+01
   6.4234257e+01   4.0945228e+01
   6.4324347e+01   4.0957772e+01
   6.4414437e+01   4.0969875e+01
   6.4504528e+01   4.0981531e+01
   6.4594618e+01   4.0992737e+01
   6.4684708e+01   4.1003490e+01
   6.4774798e+01   4.1013786e+01
   6.4864888e+01   4.1023620e+01
   6.4954978e+01   4.1032991e+01
   6.5045068e+01   4.1041893e+01
   6.5135158e+01   4.1050322e+01
   6.5225249e+01   4.1058276e+01
   6.5315339e+01   4.1065749e+01
   6.5405429e+01   4.1072738e+01
   6.5495519e+01   4.1079240e+01
   6.5585609e+01   4.1085249e+01
   6.5675699e+01   4.1090762e+01
   6.5765789e+01   4.1095775e+01
   6.5855879e+01   4.1100283e+01
   6.5945970e+01   4.1104283e+01
   6.6036060e+01   4.1107770e+01
   6.6126150e+01   4.1110739e+01
   6.6216240e+01   4.1113188e+01
   6.6306330e+01   4.1115110e+01
   6.6396420e+01   4.1116501e+01
   6.6486510e+01   4.1117358e+01
   6.6576600e+01   4.1117676e+01
   6.6666691e+01   4.1117449e+01
   6.6756781e+01   4.1116674e+01
   6.6846871e+01   4.1115346e+01
   6.6936961e+01   4.1113460e+01
   6.7027051e+01   4.1111011e+01
   6.7117141e+01   4.1107995e+01
   6.7207231e+01   4.1104406e+01
   6.7297321e+01   4.1100240e+01
   6.7387411e+01   4.1095492e+01
   6.7477502e+01   4.1090156e+01
   6.7567592e+01   4.1084228e+01
   6.7657682e+01   4.1077703e+01
   6.7747772e+01   4.1070574e+01
   6.7837862e+01   4.1062839e+01
   6.7927952e+01   4.1054490e+01
   6.8018042e+01   4.1045522e+01
   6.8108132e+01   4.1035931e+01
   6.8198223e+01   4.1025710e+01
   6.8288313e+01   4.1014854e+01
   6.8378403e+01   4.1003359e+01
   6.8468493e+01   4.0991217e+01
   6.8558583e+01   4.0978423e+01
   6.8648673e+01   4.0964972e+01
   6.8738763e+01   4.0950858e+01
   6.8828853e+01   4.0936075e+01
   6.8918944e+01   4.0920617e+01
   6.9009034e+01   4.0904478e+01
   6.9099124e+01   4.0887652e+01
   6.9189214e+01   4.0870133e+01
   6.9279304e+01   4.0851915e+01
   6.9369394e+01   4.0832991e+01
   6.9459484e+01   4.0813356e+01
   6.9549574e+01   4.0793002e+01
   6.9639665e+01   4.0771924e+01
   6.9729755e+01   4.0750115e+01
   6.9819845e+01   4.0727568e+01
   6.9909935e+01   4.0704278e+01
   7.0000025e+01   4.0680236e+01
   7.0090115e+01   4.0655437e+01
   7.0180205e+01   4.0629873e+01
   7.0270295e+01   4.0603538e+01
   7.0360386e+01   4.0576425e+01
   7.0450476e+01   4.0548526e+01
   7.0540566e+01   4.0519835e+01
   7.0630656e+01   4.0490344e+01
   7.0720746e+01   4.0460047e+01
   7.0810836e+01   4.0428935e+01
   7.0900926e+01   4.0397002e+01
   7.0991016e+01   4.0364239e+01
   7.1081106e+01   4.0330640e+01
   7.1171197e+01   4.0296197e+01
   7.1261287e+01   4.0260902e+01
   7.1351377e+01   4.0224747e+01
   7.1441467e+01   4.0187724e+01
   7.1531557e+01   4.0149826e+01
   7.1621647e+01   4.0111044e+01
   7.1711737e+01   4.0071371e+01
   7.1801827e+01   4.0030797e+01
   7.1891918e+01   3.9989316e+01
   7.1982008e+01   3.9946919e+01
   7.2072098e+01   3.9903596e+01
   7.2162188e+01   3.9859340e+01
   7.2252278e+01   3.9814143e+01
   7.2342368e+01   3.9767994e+01
   7.2432458e+01   3.9720887e+01
   7.2522548e+01   3.9672811e+01
   7.2612639e+01   3.9623758e+01
   7.2702729e+01   3.9573719e+01
   7.2792819e+01   3.9522685e+01
   7.2882909e+01   3.9470646e+01
   7.2972999e+01   3.9417594e+01
   7.3063089e+01   3.9363519e+01
   7.3153179e+01   3.9308412e+01
   7.3243269e+01   3.9252262e+01
   7.3333360e+01   3.9195061e+01
   7.3423450e+01   3.9136799e+01
   7.3513540e+01   3.9077466e+01
   7.3603630e+01   3.9017052e+01
   7.3693720e+01   3.8955547e+01
   7.3783810e+01   3.8892941e+01
   7.3873900e+01   3.8829224e+01
   7.3963990e+01   3.8764386e+01
   7.4054081e+01   3.8698416e+01
   7.4144171e+01   3.8631304e+01
   7.4234261e+01   3.8563040e+01
   7.4324351e+01   3.8493612e+01
   7.4414441e+01   3.8423011e+01
   7.4504531e+01   3.8351225e+01
   7.4594621e+01   3.8278243e+01
   7.4684711e+01   3.8204055e+01
   7.4774802e+01   3.8128650e+01
   7.4864892e+01   3.8052016e+01
   7.4954982e+01   3.7974143e+01
   7.5045072e+01   3.7895018e+01
   7.5135162e+01   3.7814631e+01
   7.5225252e+01   3.7732970e+01
   7.5315342e+01   3.7650023e+01
   7.5405432e+01   3.7565779e+01
   7.5495522e+01   3.7480226e+01
   7.5585613e+01   3.7393353e+01
   7.5675703e+01   3.7305147e+01
   7.5765793e+01   3.7215596e+01
   7.5855883e+01   3.7124688e+01
   7.5945973e+01   3.7032412e+01
   7.6036063e+01   3.6938754e+01
   7.6126153e+01   3.6843703e+01
   7.6216243e+01   3.6747246e+01
   7.6306334e+01   3.6649371e+01
   7.6396424e+01   3.6550065e+01
   7.6486514e+01   3.6449315e+01
   7.6576604e+01   3.6347110e+01
   7.6666694e+01   3.6243435e+01
   7.6756784e+01   3.6138279e+01
   7.6846874e+01   3.6031628e+01
   7.6936964e+01   3.5923469e+01
   7.7027055e+01   3.5813790e+01
   7.7117145e+01   3.5702577e+01
   7.7207235e+01   3.5589817e+01
   7.7297325e+01   3.5475497e+01
   7.7387415e+01   3.5359604e+01
   7.7477505e+01   3.5242124e+01
   7.7567595e+01   3.5123044e+01
   7.7657685e+01   3.5002351e+01
   7.7747776e+01   3.4880031e+01
   7.7837866e+01   3.4756071e+01
   7.7927956e+01   3.4630457e+01
   7.8018046e+01   3.4503176e+01
   7.8108136e+01   3.4374214e+01
   7.8198226e+01   3.4243557e+01
   7.8288316e+01   3.4111193e+01
   7.8378406e+01   3.3977107e+01
   7.8468497e+01   3.3841285e+01
   7.8558587e+01   3.3703715e+01
   7.8648677e+01   3.3564382e+01
   7.8738767e+01   3.3423273e+01
   7.8828857e+01   3.3280374e+01
   7.8918947e+01   3.3135672e+01
   7.9009037e+01   3.2989153e+01
   7.9099127e+01   3.2840804e+01
   7.9189218e+01   3.2690610e+01
   7.9279308e+01   3.2538560e+01
   7.9369398e+01   3.2384638e+01
   7.9459488e+01   3.2228832e+01
   7.9549578e+01   3.2071128e+01
   7.9639668e+01   3.1911514e+01
   7.9729758e+01   3.1749975e+01
   7.9819848e+01   3.1586500e+01
   7.9909938e+01   3.1421075e+01
   8.0000029e+01   3.1253686e+01
   8.0090119e+01   3.1084322e+01
   8.0180209e+01   3.0912970e+01
   8.0270299e+01   3.0739616e+01
   8.0360389e+01   3.0564250e+01
   8.0450479e+01   3.0386857e+01
   8.0540569e+01   3.0207427e+01
   8.0630659e+01   3.0025948e+01
   8.0720750e+01   2.9842407e+01
   8.0810840e+01   2.9656793e+01
   8.0900930e+01   2.9469095e+01
   8.0991020e+01   2.9279301e+01
   8.1081110e+01   2.9087401e+01
   8.1171200e+01   2.8893383e+01
   8.1261290e+01   2.8697239e+01
   8.1351380e+01   2.8498956e+01
   8.1441471e+01   2.8298525e+01
   8.1531561e+01   2.8095937e+01
   8.1621651e+01   2.7891182e+01
   8.1711741e+01   2.7684251e+01
   8.1801831e+01   2.7475135e+01
   8.1891921e+01   2.7263827e+01
   8.1982011e+01   2.7050317e+01
   8.2072101e+01   2.6834599e+01
   8.2162192e+01   2.6616664e+01
   8.2252282e+01   2.6396507e+01
   8.2342372e+01   2.6174120e+01
   8.2432462e+01   2.5949497e+01
   8.2522552e+01   2.5722633e+01
   8.2612642e+01   2.5493523e+01
   8.2702732e+01   2.5262161e+01
   8.2792822e+01   2.5028545e+01
   8.2882913e+01   2.4792669e+01
   8.2973003e+01   2.4554531e+01
   8.3063093e+01   2.4314128e+01
   8.3153183e+01   2.4071458e+01
   8.3243273e+01   2.3826520e+01
   8.3333363e+01   2.3579312e+01
   8.3423453e+01   2.3329835e+01
   8.3513543e+01   2.3078088e+01
   8.3603633e+01   2.2824072e+01
   8.3693724e+01   2.2567789e+01
   8.3783814e+01   2.2309242e+01
   8.3873904e+01   2.2048433e+01
   8.3963994e+01   2.1785365e+01
   8.4054084e+01   2.1520044e+01
   8.4144174e+01   2.1252474e+01
   8.4234264e+01   2.0982661e+01
   8.4324354e+01   2.0710612e+01
   8.4414445e+01   2.0436335e+01
   8.4504535e+01   2.0159836e+01
   8.4594625e+01   1.9881127e+01
   8.4684715e+01   1.9600215e+01
   8.4774805e+01   1.9317113e+01
   8.4864895e+01   1.9031831e+01
   8.4954985e+01   1.8744382e+01
   8.5045075e+01   1.8454779e+01
   8.5135166e+01   1.8163037e+01
   8.5225256e+01   1.7869171e+01
   8.5315346e+01   1.7573197e+01
   8.5405436e+01   1.7275131e+01
   8.5495526e+01   1.6974992e+01
   8.5585616e+01   1.6672798e+01
   8.5675706e+01   1.6368570e+01
   8.5765796e+01   1.6062328e+01
   8.5855887e+01   1.5754095e+01
   8.5945977e+01   1.5443891e+01
   8.6036067e+01   1.5131743e+01
   8.6126157e+01   1.4817673e+01
   8.6216247e+01   1.4501708e+01
   8.6306337e+01   1.4183875e+01
   8.6396427e+01   1.3864202e+01
   8.6486517e+01   1.3542716e+01
   8.6576608e+01   1.3219448e+01
   8.6666698e+01   1.2894429e+01
   8.6756788e+01   1.2567689e+01
   8.6846878e+01   1.2239263e+01
   8.6936968e+01   1.1909182e+01
   8.7027058e+01   1.1577483e+01
   8.7117148e+01   1.1244200e+01
   8.7207238e+01   1.0909370e+01
   8.7297329e+01   1.0573031e+01
   8.7387419e+01   1.0235221e+01
   8.7477509e+01   9.8959782e+00
   8.7567599e+01   9.5553442e+00
   8.7657689e+01   9.2133597e+00
   8.7747779e+01   8.8700665e+00
   8.7837869e+01   8.5255074e+00
   8.7927959e+01   8.1797260e+00
   8.8018049e+01   7.8327668e+00
   8.8108140e+01   7.4846750e+00
   8.8198230e+01   7.1354965e+00
   8.8288320e+01   6.7852780e+00
   8.8378410e+01   6.4340669e+00
   8.8468500e+01   6.0819113e+00
   8.8558590e+01   5.7288599e+00
   8.8648680e+01   5.3749620e+00
   8.8738770e+01   5.0202677e+00
   8.8828861e+01   4.6648274e+00
   8.8918951e+01   4.3086920e+00
   8.9009041e+01   3.9519133e+00
   8.9099131e+01   3.5945431e+00
   8.9189221e+01   3.2366338e+00
   8.9279311e+01   2.8782382e+00
   8.9369401e+01   2.5194094e+00
   8.9459491e+01   2.1602010e+00
   8.9549582e+01   1.8006666e+00
   8.9639672e+01   1.4408602e+00
   8.9729762e+01   1.0808360e+00
   8.9819852e+01   7.2064823e-01
   8.9909942e+01   3.6035139e-01
   9.0000032e+01   1.4033424e-14
