   3.9729744e+01   3.3587365e-02
   3.9819834e+01   1.2223157e-01
   3.9909924e+01   2.1058898e-01
   4.0000014e+01   2.9866010e-01
   4.0090104e+01   3.8644542e-01
   4.0180195e+01   4.7394542e-01
   4.0270285e+01   5.6116057e-01
   4.0360375e+01   6.4809134e-01
   4.0450465e+01   7.3473820e-01
   4.0540555e+01   8.2110158e-01
   4.0630645e+01   9.0718194e-01
   4.0720735e+01   9.9297970e-01
   4.0810825e+01   1.0784953e+00
   4.0900916e+01   1.1637291e+00
   4.0991006e+01   1.2486817e+00
   4.1081096e+01   1.3333532e+00
   4.1171186e+01   1.4177443e+00
   4.1261276e+01   1.5018552e+00
   4.1351366e+01   1.5856863e+00
   4.1441456e+01   1.6692380e+00
   4.1531546e+01   1.7525107e+00
   4.1621637e+01   1.8355048e+00
   4.1711727e+01   1.9182205e+00
   4.1801817e+01   2.0006582e+00
   4.1891907e+01   2.0828182e+00
   4.1981997e+01   2.1647010e+00
   4.2072087e+01   2.2463067e+00
   4.2162177e+01   2.3276358e+00
   4.2252267e+01   2.4086885e+00
   4.2342357e+01   2.4894650e+00
   4.2432448e+01   2.5699658e+00
   4.2522538e+01   2.6501911e+00
   4.2612628e+01   2.7301412e+00
   4.2702718e+01   2.8098163e+00
   4.2792808e+01   2.8892166e+00
   4.2882898e+01   2.9683426e+00
   4.2972988e+01   3.0471943e+00
   4.3063078e+01   3.1257720e+00
   4.3153169e+01   3.2040761e+00
   4.3243259e+01   3.2821066e+00
   4.3333349e+01   3.3598638e+00
   4.3423439e+01   3.4373480e+00
   4.3513529e+01   3.5145593e+00
   4.3603619e+01   3.5914979e+00
   4.3693709e+01   3.6681641e+00
   4.3783799e+01   3.7445579e+00
   4.3873890e+01   3.8206797e+00
   4.3963980e+01   3.8965295e+00
   4.4054070e+01   3.9721075e+00
   4.4144160e+01   4.0474139e+00
   4.4234250e+01   4.1224488e+00
   4.4324340e+01   4.1972123e+00
   4.4414430e+01   4.2717047e+00
   4.4504520e+01   4.3459260e+00
   4.4594611e+01   4.4198764e+00
   4.4684701e+01   4.4935559e+00
   4.4774791e+01   4.5669648e+00
   4.4864881e+01   4.6401030e+00
   4.4954971e+01   4.7129707e+00
   4.5045061e+01   4.7855680e+00
   4.5135151e+01   4.8578949e+00
   4.5225241e+01   4.9299516e+00
   4.5315332e+01   5.0017380e+00
   4.5405422e+01   5.0732544e+00
   4.5495512e+01   5.1445006e+00
   4.5585602e+01   5.2154769e+00
   4.5675692e+01   5.2861832e+00
   4.5765782e+01   5.3566195e+00
   4.5855872e+01   5.4267859e+00
   4.5945962e+01   5.4966824e+00
   4.6036052e+01   5.5663091e+00
   4.6126143e+01   5.6356660e+00
   4.6216233e+01   5.7047529e+00
   4.6306323e+01   5.7735701e+00
   4.6396413e+01   5.8421174e+00
   4.6486503e+01   5.9103948e+00
   4.6576593e+01   5.9784024e+00
   4.6666683e+01   6.0461400e+00
   4.6756773e+01   6.1136077e+00
   4.6846864e+01   6.1808055e+00
   4.6936954e+01   6.2477332e+00
   4.7027044e+01   6.3143909e+00
   4.7117134e+01   6.3807784e+00
   4.7207224e+01   6.4468958e+00
   4.7297314e+01   6.5127429e+00
   4.7387404e+01   6.5783197e+00
   4.7477494e+01   6.6436261e+00
   4.7567585e+01   6.7086620e+00
   4.7657675e+01   6.7734273e+00
   4.7747765e+01   6.8379220e+00
   4.7837855e+01   6.9021458e+00
   4.7927945e+01   6.9660988e+00
   4.8018035e+01   7.0297808e+00
   4.8108125e+01   7.0931916e+00
   4.8198215e+01   7.1563312e+00
   4.8288306e+01   7.2191994e+00
   4.8378396e+01   7.2817960e+00
   4.8468486e+01   7.3441210e+00
   4.8558576e+01   7.4061742e+00
   4.8648666e+01   7.4679553e+00
   4.8738756e+01   7.5294644e+00
   4.8828846e+01   7.5907011e+00
   4.8918936e+01   7.6516653e+00
   4.9009027e+01   7.7123568e+00
   4.9099117e+01   7.7727755e+00
   4.9189207e+01   7.8329211e+00
   4.9279297e+01   7.8927935e+00
   4.9369387e+01   7.9523925e+00
   4.9459477e+01   8.0117178e+00
   4.9549567e+01   8.0707692e+00
   4.9639657e+01   8.1295465e+00
   4.9729748e+01   8.1880495e+00
   4.9819838e+01   8.2462779e+00
   4.9909928e+01   8.3042316e+00
   5.0000018e+01   8.3619102e+00
   5.0090108e+01   8.4193136e+00
   5.0180198e+01   8.4764414e+00
   5.0270288e+01   8.5332934e+00
   5.0360378e+01   8.5898694e+00
   5.0450468e+01   8.6461690e+00
   5.0540559e+01   8.7021920e+00
   5.0630649e+01   8.7579381e+00
   5.0720739e+01   8.8134071e+00
   5.0810829e+01   8.8685986e+00
   5.0900919e+01   8.9235123e+00
   5.0991009e+01   8.9781480e+00
   5.1081099e+01   9.0325052e+00
   5.1171189e+01   9.0865838e+00
   5.1261280e+01   9.1403833e+00
   5.1351370e+01   9.1939036e+00
   5.1441460e+01   9.2471441e+00
   5.1531550e+01   9.3001046e+00
   5.1621640e+01   9.3527848e+00
   5.1711730e+01   9.4051843e+00
   5.1801820e+01   9.4573027e+00
   5.1891910e+01   9.5091397e+00
   5.1982001e+01   9.5606950e+00
   5.2072091e+01   9.6119681e+00
   5.2162181e+01   9.6629587e+00
   5.2252271e+01   9.7136664e+00
   5.2342361e+01   9.7640908e+00
   5.2432451e+01   9.8142316e+00
   5.2522541e+01   9.8640883e+00
   5.2612631e+01   9.9136606e+00
   5.2702722e+01   9.9629479e+00
   5.2792812e+01   1.0011950e+01
   5.2882902e+01   1.0060666e+01
   5.2972992e+01   1.0109097e+01
   5.3063082e+01   1.0157241e+01
   5.3153172e+01   1.0205097e+01
   5.3243262e+01   1.0252667e+01
   5.3333352e+01   1.0299948e+01
   5.3423443e+01   1.0346942e+01
   5.3513533e+01   1.0393646e+01
   5.3603623e+01   1.0440061e+01
   5.3693713e+01   1.0486187e+01
   5.3783803e+01   1.0532023e+01
   5.3873893e+01   1.0577568e+01
   5.3963983e+01   1.0622821e+01
   5.4054073e+01   1.0667784e+01
   5.4144164e+01   1.0712454e+01
   5.4234254e+01   1.0756832e+01
   5.4324344e+01   1.0800916e+01
   5.4414434e+01   1.0844708e+01
   5.4504524e+01   1.0888205e+01
   5.4594614e+01   1.0931407e+01
   5.4684704e+01   1.0974315e+01
   5.4774794e+01   1.1016927e+01
   5.4864884e+01   1.1059243e+01
   5.4954975e+01   1.1101262e+01
   5.5045065e+01   1.1142984e+01
   5.5135155e+01   1.1184409e+01
   5.5225245e+01   1.1225535e+01
   5.5315335e+01   1.1266362e+01
   5.5405425e+01   1.1306890e+01
   5.5495515e+01   1.1347118e+01
   5.5585605e+01   1.1387046e+01
   5.5675696e+01   1.1426673e+01
   5.5765786e+01   1.1465998e+01
   5.5855876e+01   1.1505021e+01
   5.5945966e+01   1.1543741e+01
   5.6036056e+01   1.1582157e+01
   5.6126146e+01   1.1620270e+01
   5.6216236e+01   1.1658078e+01
   5.6306326e+01   1.1695582e+01
   5.6396417e+01   1.1732779e+01
   5.6486507e+01   1.1769670e+01
   5.6576597e+01   1.1806254e+01
   5.6666687e+01   1.1842531e+01
   5.6756777e+01   1.1878499e+01
   5.6846867e+01   1.1914159e+01
   5.6936957e+01   1.1949509e+01
   5.7027047e+01   1.1984549e+01
   5.7117138e+01   1.2019278e+01
   5.7207228e+01   1.2053696e+01
   5.7297318e+01   1.2087802e+01
   5.7387408e+01   1.2121596e+01
   5.7477498e+01   1.2155076e+01
   5.7567588e+01   1.2188242e+01
   5.7657678e+01   1.2221093e+01
   5.7747768e+01   1.2253630e+01
   5.7837859e+01   1.2285850e+01
   5.7927949e+01   1.2317754e+01
   5.8018039e+01   1.2349340e+01
   5.8108129e+01   1.2380608e+01
   5.8198219e+01   1.2411558e+01
   5.8288309e+01   1.2442188e+01
   5.8378399e+01   1.2472499e+01
   5.8468489e+01   1.2502488e+01
   5.8558579e+01   1.2532156e+01
   5.8648670e+01   1.2561502e+01
   5.8738760e+01   1.2590525e+01
   5.8828850e+01   1.2619225e+01
   5.8918940e+01   1.2647600e+01
   5.9009030e+01   1.2675650e+01
   5.9099120e+01   1.2703375e+01
   5.9189210e+01   1.2730773e+01
   5.9279300e+01   1.2757844e+01
   5.9369391e+01   1.2784587e+01
   5.9459481e+01   1.2811001e+01
   5.9549571e+01   1.2837086e+01
   5.9639661e+01   1.2862841e+01
   5.9729751e+01   1.2888265e+01
   5.9819841e+01   1.2913357e+01
   5.9909931e+01   1.2938117e+01
   6.0000021e+01   1.2962544e+01
   6.0090112e+01   1.2986637e+01
   6.0180202e+01   1.3010395e+01
   6.0270292e+01   1.3033818e+01
   6.0360382e+01   1.3056905e+01
   6.0450472e+01   1.3079655e+01
   6.0540562e+01   1.3102067e+01
   6.0630652e+01   1.3124140e+01
   6.0720742e+01   1.3145875e+01
   6.0810833e+01   1.3167269e+01
   6.0900923e+01   1.3188322e+01
   6.0991013e+01   1.3209034e+01
   6.1081103e+01   1.3229404e+01
   6.1171193e+01   1.3249430e+01
   6.1261283e+01   1.3269112e+01
   6.1351373e+01   1.3288450e+01
   6.1441463e+01   1.3307442e+01
   6.1531554e+01   1.3326087e+01
   6.1621644e+01   1.3344385e+01
   6.1711734e+01   1.3362336e+01
   6.1801824e+01   1.3379937e+01
   6.1891914e+01   1.3397190e+01
   6.1982004e+01   1.3414091e+01
   6.2072094e+01   1.3430642e+01
   6.2162184e+01   1.3446840e+01
   6.2252275e+01   1.3462686e+01
   6.2342365e+01   1.3478177e+01
   6.2432455e+01   1.3493315e+01
   6.2522545e+01   1.3508097e+01
   6.2612635e+01   1.3522523e+01
   6.2702725e+01   1.3536592e+01
   6.2792815e+01   1.3550304e+01
   6.2882905e+01   1.3563657e+01
   6.2972995e+01   1.3576650e+01
   6.3063086e+01   1.3589283e+01
   6.3153176e+01   1.3601555e+01
   6.3243266e+01   1.3613466e+01
   6.3333356e+01   1.3625013e+01
   6.3423446e+01   1.3636197e+01
   6.3513536e+01   1.3647017e+01
   6.3603626e+01   1.3657471e+01
   6.3693716e+01   1.3667560e+01
   6.3783807e+01   1.3677281e+01
   6.3873897e+01   1.3686635e+01
   6.3963987e+01   1.3695620e+01
   6.4054077e+01   1.3704236e+01
   6.4144167e+01   1.3712482e+01
   6.4234257e+01   1.3720357e+01
   6.4324347e+01   1.3727860e+01
   6.4414437e+01   1.3734990e+01
   6.4504528e+01   1.3741747e+01
   6.4594618e+01   1.3748129e+01
   6.4684708e+01   1.3754136e+01
   6.4774798e+01   1.3759768e+01
   6.4864888e+01   1.3765022e+01
   6.4954978e+01   1.3769899e+01
   6.5045068e+01   1.3774397e+01
   6.5135158e+01   1.3778516e+01
   6.5225249e+01   1.3782255e+01
   6.5315339e+01   1.3785612e+01
   6.5405429e+01   1.3788588e+01
   6.5495519e+01   1.3791182e+01
   6.5585609e+01   1.3793392e+01
   6.5675699e+01   1.3795217e+01
   6.5765789e+01   1.3796658e+01
   6.5855879e+01   1.3797713e+01
   6.5945970e+01   1.3798381e+01
   6.6036060e+01   1.3798662e+01
   6.6126150e+01   1.3798554e+01
   6.6216240e+01   1.3798057e+01
   6.6306330e+01   1.3797170e+01
   6.6396420e+01   1.3795893e+01
   6.6486510e+01   1.3794224e+01
   6.6576600e+01   1.3792163e+01
   6.6666691e+01   1.3789708e+01
   6.6756781e+01   1.3786860e+01
   6.6846871e+01   1.3783617e+01
   6.6936961e+01   1.3779979e+01
   6.7027051e+01   1.3775944e+01
   6.7117141e+01   1.3771513e+01
   6.7207231e+01   1.3766684e+01
   6.7297321e+01   1.3761456e+01
   6.7387411e+01   1.3755829e+01
   6.7477502e+01   1.3749801e+01
   6.7567592e+01   1.3743373e+01
   6.7657682e+01   1.3736544e+01
   6.7747772e+01   1.3729312e+01
   6.7837862e+01   1.3721677e+01
   6.7927952e+01   1.3713638e+01
   6.8018042e+01   1.3705195e+01
   6.8108132e+01   1.3696347e+01
   6.8198223e+01   1.3687092e+01
   6.8288313e+01   1.3677431e+01
   6.8378403e+01   1.3667363e+01
   6.8468493e+01   1.3656887e+01
   6.8558583e+01   1.3646001e+01
   6.8648673e+01   1.3634707e+01
   6.8738763e+01   1.3623002e+01
   6.8828853e+01   1.3610886e+01
   6.8918944e+01   1.3598359e+01
   6.9009034e+01   1.3585420e+01
   6.9099124e+01   1.3572068e+01
   6.9189214e+01   1.3558303e+01
   6.9279304e+01   1.3544123e+01
   6.9369394e+01   1.3529529e+01
   6.9459484e+01   1.3514520e+01
   6.9549574e+01   1.3499094e+01
   6.9639665e+01   1.3483252e+01
   6.9729755e+01   1.3466993e+01
   6.9819845e+01   1.3450316e+01
   6.9909935e+01   1.3433221e+01
   7.0000025e+01   1.3415707e+01
   7.0090115e+01   1.3397773e+01
   7.0180205e+01   1.3379420e+01
   7.0270295e+01   1.3360646e+01
   7.0360386e+01   1.3341450e+01
   7.0450476e+01   1.3321833e+01
   7.0540566e+01   1.3301794e+01
   7.0630656e+01   1.3281333e+01
   7.0720746e+01   1.3260448e+01
   7.0810836e+01   1.3239139e+01
   7.0900926e+01   1.3217407e+01
   7.0991016e+01   1.3195250e+01
   7.1081106e+01   1.3172668e+01
   7.1171197e+01   1.3149660e+01
   7.1261287e+01   1.3126227e+01
   7.1351377e+01   1.3102367e+01
   7.1441467e+01   1.3078080e+01
   7.1531557e+01   1.3053367e+01
   7.1621647e+01   1.3028226e+01
   7.1711737e+01   1.3002657e+01
   7.1801827e+01   1.2976660e+01
   7.1891918e+01   1.2950235e+01
   7.1982008e+01   1.2923380e+01
   7.2072098e+01   1.2896097e+01
   7.2162188e+01   1.2868384e+01
   7.2252278e+01   1.2840241e+01
   7.2342368e+01   1.2811668e+01
   7.2432458e+01   1.2782665e+01
   7.2522548e+01   1.2753231e+01
   7.2612639e+01   1.2723367e+01
   7.2702729e+01   1.2693072e+01
   7.2792819e+01   1.2662345e+01
   7.2882909e+01   1.2631188e+01
   7.2972999e+01   1.2599599e+01
   7.3063089e+01   1.2567578e+01
   7.3153179e+01   1.2535125e+01
   7.3243269e+01   1.2502241e+01
   7.3333360e+01   1.2468924e+01
   7.3423450e+01   1.2435176e+01
   7.3513540e+01   1.2400995e+01
   7.3603630e+01   1.2366382e+01
   7.3693720e+01   1.2331337e+01
   7.3783810e+01   1.2295860e+01
   7.3873900e+01   1.2259951e+01
   7.3963990e+01   1.2223609e+01
   7.4054081e+01   1.2186836e+01
   7.4144171e+01   1.2149630e+01
   7.4234261e+01   1.2111993e+01
   7.4324351e+01   1.2073923e+01
   7.4414441e+01   1.2035422e+01
   7.4504531e+01   1.1996489e+01
   7.4594621e+01   1.1957125e+01
   7.4684711e+01   1.1917329e+01
   7.4774802e+01   1.1877103e+01
   7.4864892e+01   1.1836446e+01
   7.4954982e+01   1.1795358e+01
   7.5045072e+01   1.1753840e+01
   7.5135162e+01   1.1711891e+01
   7.5225252e+01   1.1669514e+01
   7.5315342e+01   1.1626706e+01
   7.5405432e+01   1.1583470e+01
   7.5495522e+01   1.1539805e+01
   7.5585613e+01   1.1495712e+01
   7.5675703e+01   1.1451191e+01
   7.5765793e+01   1.1406243e+01
   7.5855883e+01   1.1360868e+01
   7.5945973e+01   1.1315067e+01
   7.6036063e+01   1.1268839e+01
   7.6126153e+01   1.1222187e+01
   7.6216243e+01   1.1175109e+01
   7.6306334e+01   1.1127608e+01
   7.6396424e+01   1.1079682e+01
   7.6486514e+01   1.1031334e+01
   7.6576604e+01   1.0982564e+01
   7.6666694e+01   1.0933372e+01
   7.6756784e+01   1.0883760e+01
   7.6846874e+01   1.0833727e+01
   7.6936964e+01   1.0783275e+01
   7.7027055e+01   1.0732405e+01
   7.7117145e+01   1.0681117e+01
   7.7207235e+01   1.0629412e+01
   7.7297325e+01   1.0577291e+01
   7.7387415e+01   1.0524755e+01
   7.7477505e+01   1.0471805e+01
   7.7567595e+01   1.0418442e+01
   7.7657685e+01   1.0364666e+01
   7.7747776e+01   1.0310480e+01
   7.7837866e+01   1.0255883e+01
   7.7927956e+01   1.0200878e+01
   7.8018046e+01   1.0145464e+01
   7.8108136e+01   1.0089644e+01
   7.8198226e+01   1.0033418e+01
   7.8288316e+01   9.9767874e+00
   7.8378406e+01   9.9197538e+00
   7.8468497e+01   9.8623181e+00
   7.8558587e+01   9.8044818e+00
   7.8648677e+01   9.7462461e+00
   7.8738767e+01   9.6876123e+00
   7.8828857e+01   9.6285818e+00
   7.8918947e+01   9.5691560e+00
   7.9009037e+01   9.5093364e+00
   7.9099127e+01   9.4491243e+00
   7.9189218e+01   9.3885213e+00
   7.9279308e+01   9.3275289e+00
   7.9369398e+01   9.2661487e+00
   7.9459488e+01   9.2043821e+00
   7.9549578e+01   9.1422309e+00
   7.9639668e+01   9.0796968e+00
   7.9729758e+01   9.0167812e+00
   7.9819848e+01   8.9534860e+00
   7.9909938e+01   8.8898130e+00
   8.0000029e+01   8.8257638e+00
   8.0090119e+01   8.7613403e+00
   8.0180209e+01   8.6965442e+00
   8.0270299e+01   8.6313776e+00
   8.0360389e+01   8.5658422e+00
   8.0450479e+01   8.4999401e+00
   8.0540569e+01   8.4336731e+00
   8.0630659e+01   8.3670433e+00
   8.0720750e+01   8.3000526e+00
   8.0810840e+01   8.2327032e+00
   8.0900930e+01   8.1649971e+00
   8.0991020e+01   8.0969365e+00
   8.1081110e+01   8.0285235e+00
   8.1171200e+01   7.9597603e+00
   8.1261290e+01   7.8906492e+00
   8.1351380e+01   7.8211923e+00
   8.1441471e+01   7.7513920e+00
   8.1531561e+01   7.6812505e+00
   8.1621651e+01   7.6107703e+00
   8.1711741e+01   7.5399537e+00
   8.1801831e+01   7.4688031e+00
   8.1891921e+01   7.3973210e+00
   8.1982011e+01   7.3255099e+00
   8.2072101e+01   7.2533723e+00
   8.2162192e+01   7.1809106e+00
   8.2252282e+01   7.1081276e+00
   8.2342372e+01   7.0350257e+00
   8.2432462e+01   6.9616077e+00
   8.2522552e+01   6.8878762e+00
   8.2612642e+01   6.8138340e+00
   8.2702732e+01   6.7394836e+00
   8.2792822e+01   6.6648280e+00
   8.2882913e+01   6.5898700e+00
   8.2973003e+01   6.5146123e+00
   8.3063093e+01   6.4390578e+00
   8.3153183e+01   6.3632094e+00
   8.3243273e+01   6.2870700e+00
   8.3333363e+01   6.2106427e+00
   8.3423453e+01   6.1339303e+00
   8.3513543e+01   6.0569359e+00
   8.3603633e+01   5.9796625e+00
   8.3693724e+01   5.9021133e+00
   8.3783814e+01   5.8242913e+00
   8.3873904e+01   5.7461996e+00
   8.3963994e+01   5.6678415e+00
   8.4054084e+01   5.5892201e+00
   8.4144174e+01   5.5103386e+00
   8.4234264e+01   5.4312003e+00
   8.4324354e+01   5.3518086e+00
   8.4414445e+01   5.2721666e+00
   8.4504535e+01   5.1922777e+00
   8.4594625e+01   5.1121454e+00
   8.4684715e+01   5.0317729e+00
   8.4774805e+01   4.9511638e+00
   8.4864895e+01   4.8703214e+00
   8.4954985e+01   4.7892492e+00
   8.5045075e+01   4.7079508e+00
   8.5135166e+01   4.6264297e+00
   8.5225256e+01   4.5446894e+00
   8.5315346e+01   4.4627335e+00
   8.5405436e+01   4.3805656e+00
   8.5495526e+01   4.2981894e+00
   8.5585616e+01   4.2156085e+00
   8.5675706e+01   4.1328265e+00
   8.5765796e+01   4.0498472e+00
   8.5855887e+01   3.9666743e+00
   8.5945977e+01   3.8833116e+00
   8.6036067e+01   3.7997628e+00
   8.6126157e+01   3.7160318e+00
   8.6216247e+01   3.6321222e+00
   8.6306337e+01   3.5480381e+00
   8.6396427e+01   3.4637832e+00
   8.6486517e+01   3.3793614e+00
   8.6576608e+01   3.2947766e+00
   8.6666698e+01   3.2100328e+00
   8.6756788e+01   3.1251338e+00
   8.6846878e+01   3.0400837e+00
   8.6936968e+01   2.9548864e+00
   8.7027058e+01   2.8695459e+00
   8.7117148e+01   2.7840663e+00
   8.7207238e+01   2.6984515e+00
   8.7297329e+01   2.6127056e+00
   8.7387419e+01   2.5268326e+00
   8.7477509e+01   2.4408368e+00
   8.7567599e+01   2.3547221e+00
   8.7657689e+01   2.2684926e+00
   8.7747779e+01   2.1821525e+00
   8.7837869e+01   2.0957060e+00
   8.7927959e+01   2.0091571e+00
   8.8018049e+01   1.9225100e+00
   8.8108140e+01   1.8357690e+00
   8.8198230e+01   1.7489382e+00
   8.8288320e+01   1.6620217e+00
   8.8378410e+01   1.5750239e+00
   8.8468500e+01   1.4879490e+00
   8.8558590e+01   1.4008011e+00
   8.8648680e+01   1.3135845e+00
   8.8738770e+01   1.2263035e+00
   8.8828861e+01   1.1389623e+00
   8.8918951e+01   1.0515652e+00
   8.9009041e+01   9.6411651e-01
   8.9099131e+01   8.7662042e-01
   8.9189221e+01   7.8908126e-01
   8.9279311e+01   7.0150331e-01
   8.9369401e+01   6.1389088e-01
   8.9459491e+01   5.2624827e-01
   8.9549582e+01   4.3857978e-01
   8.9639672e+01   3.5088971e-01
   8.9729762e+01   2.6318239e-01
   8.9819852e+01   1.7546212e-01
   8.9909942e+01   8.7733219e-02
   9.0000032e+01   3.4165996e-15
