   1.3873879e+01   1.1390059e-01
   1.3963969e+01   2.5434663e-01
   1.4054059e+01   3.9392297e-01
   1.4144149e+01   5.3264508e-01
   1.4234239e+01   6.7052803e-01
   1.4324329e+01   8.0758657e-01
   1.4414420e+01   9.4383505e-01
   1.4504510e+01   1.0792875e+00
   1.4594600e+01   1.2139577e+00
   1.4684690e+01   1.3478589e+00
   1.4774780e+01   1.4810042e+00
   1.4864870e+01   1.6134065e+00
   1.4954960e+01   1.7450782e+00
   1.5045050e+01   1.8760314e+00
   1.5135141e+01   2.0062781e+00
   1.5225231e+01   2.1358299e+00
   1.5315321e+01   2.2646983e+00
   1.5405411e+01   2.3928942e+00
   1.5495501e+01   2.5204287e+00
   1.5585591e+01   2.6473123e+00
   1.5675681e+01   2.7735554e+00
   1.5765771e+01   2.8991682e+00
   1.5855862e+01   3.0241607e+00
   1.5945952e+01   3.1485425e+00
   1.6036042e+01   3.2723231e+00
   1.6126132e+01   3.3955120e+00
   1.6216222e+01   3.5181182e+00
   1.6306312e+01   3.6401506e+00
   1.6396402e+01   3.7616179e+00
   1.6486492e+01   3.8825286e+00
   1.6576583e+01   4.0028913e+00
   1.6666673e+01   4.1227139e+00
   1.6756763e+01   4.2420045e+00
   1.6846853e+01   4.3607711e+00
   1.6936943e+01   4.4790212e+00
   1.7027033e+01   4.5967623e+00
   1.7117123e+01   4.7140019e+00
   1.7207213e+01   4.8307472e+00
   1.7297303e+01   4.9470051e+00
   1.7387394e+01   5.0627828e+00
   1.7477484e+01   5.1780869e+00
   1.7567574e+01   5.2929241e+00
   1.7657664e+01   5.4073009e+00
   1.7747754e+01   5.5212236e+00
   1.7837844e+01   5.6346987e+00
   1.7927934e+01   5.7477321e+00
   1.8018024e+01   5.8603299e+00
   1.8108115e+01   5.9724981e+00
   1.8198205e+01   6.0842423e+00
   1.8288295e+01   6.1955683e+00
   1.8378385e+01   6.3064815e+00
   1.8468475e+01   6.4169876e+00
   1.8558565e+01   6.5270917e+00
   1.8648655e+01   6.6367992e+00
   1.8738745e+01   6.7461152e+00
   1.8828836e+01   6.8550447e+00
   1.8918926e+01   6.9635927e+00
   1.9009016e+01   7.0717640e+00
   1.9099106e+01   7.1795635e+00
   1.9189196e+01   7.2869957e+00
   1.9279286e+01   7.3940652e+00
   1.9369376e+01   7.5007767e+00
   1.9459466e+01   7.6071344e+00
   1.9549557e+01   7.7131428e+00
   1.9639647e+01   7.8188060e+00
   1.9729737e+01   7.9241283e+00
   1.9819827e+01   8.0291137e+00
   1.9909917e+01   8.1337664e+00
   2.0000007e+01   8.2380901e+00
   2.0090097e+01   8.3420889e+00
   2.0180187e+01   8.4457666e+00
   2.0270278e+01   8.5491268e+00
   2.0360368e+01   8.6521732e+00
   2.0450458e+01   8.7549095e+00
   2.0540548e+01   8.8573393e+00
   2.0630638e+01   8.9594659e+00
   2.0720728e+01   9.0612928e+00
   2.0810818e+01   9.1628234e+00
   2.0900908e+01   9.2640610e+00
   2.0990998e+01   9.3650088e+00
   2.1081089e+01   9.4656700e+00
   2.1171179e+01   9.5660477e+00
   2.1261269e+01   9.6661451e+00
   2.1351359e+01   9.7659650e+00
   2.1441449e+01   9.8655106e+00
   2.1531539e+01   9.9647847e+00
   2.1621629e+01   1.0063790e+01
   2.1711719e+01   1.0162530e+01
   2.1801810e+01   1.0261007e+01
   2.1891900e+01   1.0359223e+01
   2.1981990e+01   1.0457182e+01
   2.2072080e+01   1.0554886e+01
   2.2162170e+01   1.0652337e+01
   2.2252260e+01   1.0749539e+01
   2.2342350e+01   1.0846493e+01
   2.2432440e+01   1.0943202e+01
   2.2522531e+01   1.1039669e+01
   2.2612621e+01   1.1135895e+01
   2.2702711e+01   1.1231884e+01
   2.2792801e+01   1.1327638e+01
   2.2882891e+01   1.1423158e+01
   2.2972981e+01   1.1518447e+01
   2.3063071e+01   1.1613508e+01
   2.3153161e+01   1.1708342e+01
   2.3243252e+01   1.1802951e+01
   2.3333342e+01   1.1897338e+01
   2.3423432e+01   1.1991504e+01
   2.3513522e+01   1.2085452e+01
   2.3603612e+01   1.2179183e+01
   2.3693702e+01   1.2272700e+01
   2.3783792e+01   1.2366005e+01
   2.3873882e+01   1.2459098e+01
   2.3963973e+01   1.2551983e+01
   2.4054063e+01   1.2644661e+01
   2.4144153e+01   1.2737133e+01
   2.4234243e+01   1.2829403e+01
   2.4324333e+01   1.2921470e+01
   2.4414423e+01   1.3013337e+01
   2.4504513e+01   1.3105006e+01
   2.4594603e+01   1.3196478e+01
   2.4684694e+01   1.3287755e+01
   2.4774784e+01   1.3378839e+01
   2.4864874e+01   1.3469731e+01
   2.4954964e+01   1.3560432e+01
   2.5045054e+01   1.3650944e+01
   2.5135144e+01   1.3741269e+01
   2.5225234e+01   1.3831408e+01
   2.5315324e+01   1.3921363e+01
   2.5405414e+01   1.4011135e+01
   2.5495505e+01   1.4100725e+01
   2.5585595e+01   1.4190135e+01
   2.5675685e+01   1.4279366e+01
   2.5765775e+01   1.4368419e+01
   2.5855865e+01   1.4457296e+01
   2.5945955e+01   1.4545998e+01
   2.6036045e+01   1.4634527e+01
   2.6126135e+01   1.4722883e+01
   2.6216226e+01   1.4811068e+01
   2.6306316e+01   1.4899083e+01
   2.6396406e+01   1.4986929e+01
   2.6486496e+01   1.5074607e+01
   2.6576586e+01   1.5162119e+01
   2.6666676e+01   1.5249466e+01
   2.6756766e+01   1.5336649e+01
   2.6846856e+01   1.5423668e+01
   2.6936947e+01   1.5510526e+01
   2.7027037e+01   1.5597222e+01
   2.7117127e+01   1.5683759e+01
   2.7207217e+01   1.5770136e+01
   2.7297307e+01   1.5856356e+01
   2.7387397e+01   1.5942419e+01
   2.7477487e+01   1.6028326e+01
   2.7567577e+01   1.6114078e+01
   2.7657668e+01   1.6199676e+01
   2.7747758e+01   1.6285121e+01
   2.7837848e+01   1.6370414e+01
   2.7927938e+01   1.6455555e+01
   2.8018028e+01   1.6540546e+01
   2.8108118e+01   1.6625388e+01
   2.8198208e+01   1.6710081e+01
   2.8288298e+01   1.6794627e+01
   2.8378389e+01   1.6879025e+01
   2.8468479e+01   1.6963277e+01
   2.8558569e+01   1.7047384e+01
   2.8648659e+01   1.7131347e+01
   2.8738749e+01   1.7215165e+01
   2.8828839e+01   1.7298841e+01
   2.8918929e+01   1.7382374e+01
   2.9009019e+01   1.7465766e+01
   2.9099110e+01   1.7549017e+01
   2.9189200e+01   1.7632128e+01
   2.9279290e+01   1.7715100e+01
   2.9369380e+01   1.7797933e+01
   2.9459470e+01   1.7880628e+01
   2.9549560e+01   1.7963186e+01
   2.9639650e+01   1.8045606e+01
   2.9729740e+01   1.8127891e+01
   2.9819830e+01   1.8210041e+01
   2.9909921e+01   1.8292055e+01
   3.0000011e+01   1.8373936e+01
   3.0090101e+01   1.8455682e+01
   3.0180191e+01   1.8537296e+01
   3.0270281e+01   1.8618777e+01
   3.0360371e+01   1.8700127e+01
   3.0450461e+01   1.8781345e+01
   3.0540551e+01   1.8862432e+01
   3.0630642e+01   1.8943389e+01
   3.0720732e+01   1.9024217e+01
   3.0810822e+01   1.9104915e+01
   3.0900912e+01   1.9185484e+01
   3.0991002e+01   1.9265925e+01
   3.1081092e+01   1.9346239e+01
   3.1171182e+01   1.9426425e+01
   3.1261272e+01   1.9506484e+01
   3.1351363e+01   1.9586417e+01
   3.1441453e+01   1.9666225e+01
   3.1531543e+01   1.9745906e+01
   3.1621633e+01   1.9825463e+01
   3.1711723e+01   1.9904895e+01
   3.1801813e+01   1.9984203e+01
   3.1891903e+01   2.0063387e+01
   3.1981993e+01   2.0142448e+01
   3.2072084e+01   2.0221386e+01
   3.2162174e+01   2.0300201e+01
   3.2252264e+01   2.0378894e+01
   3.2342354e+01   2.0457465e+01
   3.2432444e+01   2.0535915e+01
   3.2522534e+01   2.0614243e+01
   3.2612624e+01   2.0692450e+01
   3.2702714e+01   2.0770537e+01
   3.2792805e+01   2.0848504e+01
   3.2882895e+01   2.0926351e+01
   3.2972985e+01   2.1004078e+01
   3.3063075e+01   2.1081686e+01
   3.3153165e+01   2.1159175e+01
   3.3243255e+01   2.1236546e+01
   3.3333345e+01   2.1313798e+01
   3.3423435e+01   2.1390932e+01
   3.3513525e+01   2.1467947e+01
   3.3603616e+01   2.1544846e+01
   3.3693706e+01   2.1621627e+01
   3.3783796e+01   2.1698290e+01
   3.3873886e+01   2.1774837e+01
   3.3963976e+01   2.1851267e+01
   3.4054066e+01   2.1927581e+01
   3.4144156e+01   2.2003778e+01
   3.4234246e+01   2.2079860e+01
   3.4324337e+01   2.2155825e+01
   3.4414427e+01   2.2231675e+01
   3.4504517e+01   2.2307410e+01
   3.4594607e+01   2.2383029e+01
   3.4684697e+01   2.2458533e+01
   3.4774787e+01   2.2533922e+01
   3.4864877e+01   2.2609196e+01
   3.4954967e+01   2.2684356e+01
   3.5045058e+01   2.2759401e+01
   3.5135148e+01   2.2834332e+01
   3.5225238e+01   2.2909149e+01
   3.5315328e+01   2.2983852e+01
   3.5405418e+01   2.3058440e+01
   3.5495508e+01   2.3132915e+01
   3.5585598e+01   2.3207276e+01
   3.5675688e+01   2.3281524e+01
   3.5765779e+01   2.3355658e+01
   3.5855869e+01   2.3429679e+01
   3.5945959e+01   2.3503586e+01
   3.6036049e+01   2.3577381e+01
   3.6126139e+01   2.3651062e+01
   3.6216229e+01   2.3724629e+01
   3.6306319e+01   2.3798084e+01
   3.6396409e+01   2.3871426e+01
   3.6486500e+01   2.3944655e+01
   3.6576590e+01   2.4017772e+01
   3.6666680e+01   2.4090775e+01
   3.6756770e+01   2.4163666e+01
   3.6846860e+01   2.4236443e+01
   3.6936950e+01   2.4309109e+01
   3.7027040e+01   2.4381661e+01
   3.7117130e+01   2.4454101e+01
   3.7207221e+01   2.4526428e+01
   3.7297311e+01   2.4598642e+01
   3.7387401e+01   2.4670744e+01
   3.7477491e+01   2.4742733e+01
   3.7567581e+01   2.4814609e+01
   3.7657671e+01   2.4886373e+01
   3.7747761e+01   2.4958024e+01
   3.7837851e+01   2.5029562e+01
   3.7927941e+01   2.5100988e+01
   3.8018032e+01   2.5172300e+01
   3.8108122e+01   2.5243500e+01
   3.8198212e+01   2.5314587e+01
   3.8288302e+01   2.5385561e+01
   3.8378392e+01   2.5456422e+01
   3.8468482e+01   2.5527169e+01
   3.8558572e+01   2.5597804e+01
   3.8648662e+01   2.5668325e+01
   3.8738753e+01   2.5738733e+01
   3.8828843e+01   2.5809028e+01
   3.8918933e+01   2.5879209e+01
   3.9009023e+01   2.5949277e+01
   3.9099113e+01   2.6019231e+01
   3.9189203e+01   2.6089071e+01
   3.9279293e+01   2.6158797e+01
   3.9369383e+01   2.6228409e+01
   3.9459474e+01   2.6297907e+01
   3.9549564e+01   2.6367291e+01
   3.9639654e+01   2.6436561e+01
   3.9729744e+01   2.6505716e+01
   3.9819834e+01   2.6574756e+01
   3.9909924e+01   2.6643681e+01
   4.0000014e+01   2.6712492e+01
   4.0090104e+01   2.6781187e+01
   4.0180195e+01   2.6849768e+01
   4.0270285e+01   2.6918232e+01
   4.0360375e+01   2.6986582e+01
   4.0450465e+01   2.7054815e+01
   4.0540555e+01   2.7122932e+01
   4.0630645e+01   2.7190934e+01
   4.0720735e+01   2.7258819e+01
   4.0810825e+01   2.7326587e+01
   4.0900916e+01   2.7394239e+01
   4.0991006e+01   2.7461774e+01
   4.1081096e+01   2.7529192e+01
   4.1171186e+01   2.7596492e+01
   4.1261276e+01   2.7663675e+01
   4.1351366e+01   2.7730740e+01
   4.1441456e+01   2.7797687e+01
   4.1531546e+01   2.7864516e+01
   4.1621637e+01   2.7931227e+01
   4.1711727e+01   2.7997818e+01
   4.1801817e+01   2.8064291e+01
   4.1891907e+01   2.8130644e+01
   4.1981997e+01   2.8196878e+01
   4.2072087e+01   2.8262993e+01
   4.2162177e+01   2.8328987e+01
   4.2252267e+01   2.8394861e+01
   4.2342357e+01   2.8460614e+01
   4.2432448e+01   2.8526247e+01
   4.2522538e+01   2.8591758e+01
   4.2612628e+01   2.8657148e+01
   4.2702718e+01   2.8722416e+01
   4.2792808e+01   2.8787563e+01
   4.2882898e+01   2.8852587e+01
   4.2972988e+01   2.8917488e+01
   4.3063078e+01   2.8982266e+01
   4.3153169e+01   2.9046921e+01
   4.3243259e+01   2.9111453e+01
   4.3333349e+01   2.9175860e+01
   4.3423439e+01   2.9240143e+01
   4.3513529e+01   2.9304302e+01
   4.3603619e+01   2.9368336e+01
   4.3693709e+01   2.9432244e+01
   4.3783799e+01   2.9496026e+01
   4.3873890e+01   2.9559683e+01
   4.3963980e+01   2.9623213e+01
   4.4054070e+01   2.9686616e+01
   4.4144160e+01   2.9749892e+01
   4.4234250e+01   2.9813041e+01
   4.4324340e+01   2.9876062e+01
   4.4414430e+01   2.9938954e+01
   4.4504520e+01   3.0001717e+01
   4.4594611e+01   3.0064352e+01
   4.4684701e+01   3.0126857e+01
   4.4774791e+01   3.0189231e+01
   4.4864881e+01   3.0251476e+01
   4.4954971e+01   3.0313589e+01
   4.5045061e+01   3.0375572e+01
   4.5135151e+01   3.0437422e+01
   4.5225241e+01   3.0499141e+01
   4.5315332e+01   3.0560727e+01
   4.5405422e+01   3.0622180e+01
   4.5495512e+01   3.0683499e+01
   4.5585602e+01   3.0744684e+01
   4.5675692e+01   3.0805735e+01
   4.5765782e+01   3.0866651e+01
   4.5855872e+01   3.0927432e+01
   4.5945962e+01   3.0988076e+01
   4.6036052e+01   3.1048585e+01
   4.6126143e+01   3.1108956e+01
   4.6216233e+01   3.1169190e+01
   4.6306323e+01   3.1229286e+01
   4.6396413e+01   3.1289244e+01
   4.6486503e+01   3.1349063e+01
   4.6576593e+01   3.1408742e+01
   4.6666683e+01   3.1468281e+01
   4.6756773e+01   3.1527680e+01
   4.6846864e+01   3.1586937e+01
   4.6936954e+01   3.1646053e+01
   4.7027044e+01   3.1705027e+01
   4.7117134e+01   3.1763858e+01
   4.7207224e+01   3.1822545e+01
   4.7297314e+01   3.1881089e+01
   4.7387404e+01   3.1939488e+01
   4.7477494e+01   3.1997742e+01
   4.7567585e+01   3.2055851e+01
   4.7657675e+01   3.2113813e+01
   4.7747765e+01   3.2171628e+01
   4.7837855e+01   3.2229295e+01
   4.7927945e+01   3.2286815e+01
   4.8018035e+01   3.2344185e+01
   4.8108125e+01   3.2401407e+01
   4.8198215e+01   3.2458478e+01
   4.8288306e+01   3.2515399e+01
   4.8378396e+01   3.2572168e+01
   4.8468486e+01   3.2628785e+01
   4.8558576e+01   3.2685249e+01
   4.8648666e+01   3.2741561e+01
   4.8738756e+01   3.2797718e+01
   4.8828846e+01   3.2853720e+01
   4.8918936e+01   3.2909567e+01
   4.9009027e+01   3.2965258e+01
   4.9099117e+01   3.3020792e+01
   4.9189207e+01   3.3076169e+01
   4.9279297e+01   3.3131387e+01
   4.9369387e+01   3.3186446e+01
   4.9459477e+01   3.3241346e+01
   4.9549567e+01   3.3296085e+01
   4.9639657e+01   3.3350662e+01
   4.9729748e+01   3.3405078e+01
   4.9819838e+01   3.3459331e+01
   4.9909928e+01   3.3513421e+01
   5.0000018e+01   3.3567346e+01
   5.0090108e+01   3.3621106e+01
   5.0180198e+01   3.3674701e+01
   5.0270288e+01   3.3728128e+01
   5.0360378e+01   3.3781388e+01
   5.0450468e+01   3.3834480e+01
   5.0540559e+01   3.3887402e+01
   5.0630649e+01   3.3940155e+01
   5.0720739e+01   3.3992737e+01
   5.0810829e+01   3.4045147e+01
   5.0900919e+01   3.4097384e+01
   5.0991009e+01   3.4149448e+01
   5.1081099e+01   3.4201338e+01
   5.1171189e+01   3.4253053e+01
   5.1261280e+01   3.4304591e+01
   5.1351370e+01   3.4355953e+01
   5.1441460e+01   3.4407137e+01
   5.1531550e+01   3.4458142e+01
   5.1621640e+01   3.4508967e+01
   5.1711730e+01   3.4559612e+01
   5.1801820e+01   3.4610075e+01
   5.1891910e+01   3.4660355e+01
   5.1982001e+01   3.4710452e+01
   5.2072091e+01   3.4760364e+01
   5.2162181e+01   3.4810091e+01
   5.2252271e+01   3.4859632e+01
   5.2342361e+01   3.4908985e+01
   5.2432451e+01   3.4958149e+01
   5.2522541e+01   3.5007124e+01
   5.2612631e+01   3.5055909e+01
   5.2702722e+01   3.5104502e+01
   5.2792812e+01   3.5152903e+01
   5.2882902e+01   3.5201110e+01
   5.2972992e+01   3.5249122e+01
   5.3063082e+01   3.5296938e+01
   5.3153172e+01   3.5344558e+01
   5.3243262e+01   3.5391979e+01
   5.3333352e+01   3.5439202e+01
   5.3423443e+01   3.5486224e+01
   5.3513533e+01   3.5533045e+01
   5.3603623e+01   3.5579664e+01
   5.3693713e+01   3.5626079e+01
   5.3783803e+01   3.5672289e+01
   5.3873893e+01   3.5718294e+01
   5.3963983e+01   3.5764091e+01
   5.4054073e+01   3.5809680e+01
   5.4144164e+01   3.5855059e+01
   5.4234254e+01   3.5900228e+01
   5.4324344e+01   3.5945185e+01
   5.4414434e+01   3.5989929e+01
   5.4504524e+01   3.6034459e+01
   5.4594614e+01   3.6078773e+01
   5.4684704e+01   3.6122870e+01
   5.4774794e+01   3.6166748e+01
   5.4864884e+01   3.6210408e+01
   5.4954975e+01   3.6253846e+01
   5.5045065e+01   3.6297063e+01
   5.5135155e+01   3.6340056e+01
   5.5225245e+01   3.6382824e+01
   5.5315335e+01   3.6425366e+01
   5.5405425e+01   3.6467681e+01
   5.5495515e+01   3.6509767e+01
   5.5585605e+01   3.6551623e+01
   5.5675696e+01   3.6593247e+01
   5.5765786e+01   3.6634638e+01
   5.5855876e+01   3.6675795e+01
   5.5945966e+01   3.6716715e+01
   5.6036056e+01   3.6757398e+01
   5.6126146e+01   3.6797843e+01
   5.6216236e+01   3.6838047e+01
   5.6306326e+01   3.6878009e+01
   5.6396417e+01   3.6917728e+01
   5.6486507e+01   3.6957203e+01
   5.6576597e+01   3.6996431e+01
   5.6666687e+01   3.7035411e+01
   5.6756777e+01   3.7074141e+01
   5.6846867e+01   3.7112620e+01
   5.6936957e+01   3.7150847e+01
   5.7027047e+01   3.7188820e+01
   5.7117138e+01   3.7226536e+01
   5.7207228e+01   3.7263995e+01
   5.7297318e+01   3.7301195e+01
   5.7387408e+01   3.7338134e+01
   5.7477498e+01   3.7374811e+01
   5.7567588e+01   3.7411223e+01
   5.7657678e+01   3.7447370e+01
   5.7747768e+01   3.7483248e+01
   5.7837859e+01   3.7518858e+01
   5.7927949e+01   3.7554196e+01
   5.8018039e+01   3.7589261e+01
   5.8108129e+01   3.7624052e+01
   5.8198219e+01   3.7658566e+01
   5.8288309e+01   3.7692801e+01
   5.8378399e+01   3.7726756e+01
   5.8468489e+01   3.7760430e+01
   5.8558579e+01   3.7793819e+01
   5.8648670e+01   3.7826922e+01
   5.8738760e+01   3.7859738e+01
   5.8828850e+01   3.7892264e+01
   5.8918940e+01   3.7924498e+01
   5.9009030e+01   3.7956438e+01
   5.9099120e+01   3.7988083e+01
   5.9189210e+01   3.8019430e+01
   5.9279300e+01   3.8050478e+01
   5.9369391e+01   3.8081224e+01
   5.9459481e+01   3.8111666e+01
   5.9549571e+01   3.8141802e+01
   5.9639661e+01   3.8171630e+01
   5.9729751e+01   3.8201149e+01
   5.9819841e+01   3.8230355e+01
   5.9909931e+01   3.8259246e+01
   6.0000021e+01   3.8287821e+01
   6.0090112e+01   3.8316077e+01
   6.0180202e+01   3.8344013e+01
   6.0270292e+01   3.8371625e+01
   6.0360382e+01   3.8398911e+01
   6.0450472e+01   3.8425870e+01
   6.0540562e+01   3.8452499e+01
   6.0630652e+01   3.8478795e+01
   6.0720742e+01   3.8504756e+01
   6.0810833e+01   3.8530381e+01
   6.0900923e+01   3.8555665e+01
   6.0991013e+01   3.8580608e+01
   6.1081103e+01   3.8605206e+01
   6.1171193e+01   3.8629458e+01
   6.1261283e+01   3.8653360e+01
   6.1351373e+01   3.8676910e+01
   6.1441463e+01   3.8700106e+01
   6.1531554e+01   3.8722944e+01
   6.1621644e+01   3.8745423e+01
   6.1711734e+01   3.8767540e+01
   6.1801824e+01   3.8789293e+01
   6.1891914e+01   3.8810677e+01
   6.1982004e+01   3.8831692e+01
   6.2072094e+01   3.8852333e+01
   6.2162184e+01   3.8872599e+01
   6.2252275e+01   3.8892487e+01
   6.2342365e+01   3.8911993e+01
   6.2432455e+01   3.8931116e+01
   6.2522545e+01   3.8949852e+01
   6.2612635e+01   3.8968197e+01
   6.2702725e+01   3.8986151e+01
   6.2792815e+01   3.9003709e+01
   6.2882905e+01   3.9020868e+01
   6.2972995e+01   3.9037626e+01
   6.3063086e+01   3.9053979e+01
   6.3153176e+01   3.9069925e+01
   6.3243266e+01   3.9085460e+01
   6.3333356e+01   3.9100582e+01
   6.3423446e+01   3.9115286e+01
   6.3513536e+01   3.9129571e+01
   6.3603626e+01   3.9143433e+01
   6.3693716e+01   3.9156868e+01
   6.3783807e+01   3.9169873e+01
   6.3873897e+01   3.9182446e+01
   6.3963987e+01   3.9194582e+01
   6.4054077e+01   3.9206279e+01
   6.4144167e+01   3.9217533e+01
   6.4234257e+01   3.9228340e+01
   6.4324347e+01   3.9238698e+01
   6.4414437e+01   3.9248602e+01
   6.4504528e+01   3.9258049e+01
   6.4594618e+01   3.9267037e+01
   6.4684708e+01   3.9275560e+01
   6.4774798e+01   3.9283615e+01
   6.4864888e+01   3.9291199e+01
   6.4954978e+01   3.9298309e+01
   6.5045068e+01   3.9304939e+01
   6.5135158e+01   3.9311088e+01
   6.5225249e+01   3.9316750e+01
   6.5315339e+01   3.9321922e+01
   6.5405429e+01   3.9326600e+01
   6.5495519e+01   3.9330781e+01
   6.5585609e+01   3.9334459e+01
   6.5675699e+01   3.9337632e+01
   6.5765789e+01   3.9340295e+01
   6.5855879e+01   3.9342445e+01
   6.5945970e+01   3.9344076e+01
   6.6036060e+01   3.9345185e+01
   6.6126150e+01   3.9345769e+01
   6.6216240e+01   3.9345821e+01
   6.6306330e+01   3.9345339e+01
   6.6396420e+01   3.9344318e+01
   6.6486510e+01   3.9342753e+01
   6.6576600e+01   3.9340641e+01
   6.6666691e+01   3.9337976e+01
   6.6756781e+01   3.9334755e+01
   6.6846871e+01   3.9330973e+01
   6.6936961e+01   3.9326624e+01
   6.7027051e+01   3.9321706e+01
   6.7117141e+01   3.9316212e+01
   6.7207231e+01   3.9310139e+01
   6.7297321e+01   3.9303481e+01
   6.7387411e+01   3.9296234e+01
   6.7477502e+01   3.9288392e+01
   6.7567592e+01   3.9279952e+01
   6.7657682e+01   3.9270908e+01
   6.7747772e+01   3.9261255e+01
   6.7837862e+01   3.9250988e+01
   6.7927952e+01   3.9240102e+01
   6.8018042e+01   3.9228591e+01
   6.8108132e+01   3.9216452e+01
   6.8198223e+01   3.9203678e+01
   6.8288313e+01   3.9190264e+01
   6.8378403e+01   3.9176205e+01
   6.8468493e+01   3.9161495e+01
   6.8558583e+01   3.9146130e+01
   6.8648673e+01   3.9130103e+01
   6.8738763e+01   3.9113409e+01
   6.8828853e+01   3.9096042e+01
   6.8918944e+01   3.9077998e+01
   6.9009034e+01   3.9059269e+01
   6.9099124e+01   3.9039851e+01
   6.9189214e+01   3.9019737e+01
   6.9279304e+01   3.8998922e+01
   6.9369394e+01   3.8977400e+01
   6.9459484e+01   3.8955164e+01
   6.9549574e+01   3.8932210e+01
   6.9639665e+01   3.8908530e+01
   6.9729755e+01   3.8884118e+01
   6.9819845e+01   3.8858969e+01
   6.9909935e+01   3.8833076e+01
   7.0000025e+01   3.8806433e+01
   7.0090115e+01   3.8779033e+01
   7.0180205e+01   3.8750870e+01
   7.0270295e+01   3.8721937e+01
   7.0360386e+01   3.8692228e+01
   7.0450476e+01   3.8661737e+01
   7.0540566e+01   3.8630456e+01
   7.0630656e+01   3.8598379e+01
   7.0720746e+01   3.8565499e+01
   7.0810836e+01   3.8531809e+01
   7.0900926e+01   3.8497302e+01
   7.0991016e+01   3.8461971e+01
   7.1081106e+01   3.8425810e+01
   7.1171197e+01   3.8388811e+01
   7.1261287e+01   3.8350966e+01
   7.1351377e+01   3.8312269e+01
   7.1441467e+01   3.8272713e+01
   7.1531557e+01   3.8232289e+01
   7.1621647e+01   3.8190991e+01
   7.1711737e+01   3.8148811e+01
   7.1801827e+01   3.8105741e+01
   7.1891918e+01   3.8061773e+01
   7.1982008e+01   3.8016901e+01
   7.2072098e+01   3.7971116e+01
   7.2162188e+01   3.7924410e+01
   7.2252278e+01   3.7876776e+01
   7.2342368e+01   3.7828205e+01
   7.2432458e+01   3.7778690e+01
   7.2522548e+01   3.7728222e+01
   7.2612639e+01   3.7676793e+01
   7.2702729e+01   3.7624394e+01
   7.2792819e+01   3.7571019e+01
   7.2882909e+01   3.7516657e+01
   7.2972999e+01   3.7461301e+01
   7.3063089e+01   3.7404943e+01
   7.3153179e+01   3.7347572e+01
   7.3243269e+01   3.7289182e+01
   7.3333360e+01   3.7229763e+01
   7.3423450e+01   3.7169306e+01
   7.3513540e+01   3.7107802e+01
   7.3603630e+01   3.7045243e+01
   7.3693720e+01   3.6981620e+01
   7.3783810e+01   3.6916922e+01
   7.3873900e+01   3.6851142e+01
   7.3963990e+01   3.6784271e+01
   7.4054081e+01   3.6716297e+01
   7.4144171e+01   3.6647214e+01
   7.4234261e+01   3.6577010e+01
   7.4324351e+01   3.6505677e+01
   7.4414441e+01   3.6433204e+01
   7.4504531e+01   3.6359583e+01
   7.4594621e+01   3.6284804e+01
   7.4684711e+01   3.6208856e+01
   7.4774802e+01   3.6131731e+01
   7.4864892e+01   3.6053418e+01
   7.4954982e+01   3.5973907e+01
   7.5045072e+01   3.5893188e+01
   7.5135162e+01   3.5811252e+01
   7.5225252e+01   3.5728088e+01
   7.5315342e+01   3.5643685e+01
   7.5405432e+01   3.5558035e+01
   7.5495522e+01   3.5471125e+01
   7.5585613e+01   3.5382947e+01
   7.5675703e+01   3.5293490e+01
   7.5765793e+01   3.5202742e+01
   7.5855883e+01   3.5110695e+01
   7.5945973e+01   3.5017336e+01
   7.6036063e+01   3.4922656e+01
   7.6126153e+01   3.4826644e+01
   7.6216243e+01   3.4729289e+01
   7.6306334e+01   3.4630580e+01
   7.6396424e+01   3.4530507e+01
   7.6486514e+01   3.4429059e+01
   7.6576604e+01   3.4326225e+01
   7.6666694e+01   3.4221993e+01
   7.6756784e+01   3.4116354e+01
   7.6846874e+01   3.4009296e+01
   7.6936964e+01   3.3900808e+01
   7.7027055e+01   3.3790879e+01
   7.7117145e+01   3.3679498e+01
   7.7207235e+01   3.3566653e+01
   7.7297325e+01   3.3452335e+01
   7.7387415e+01   3.3336531e+01
   7.7477505e+01   3.3219231e+01
   7.7567595e+01   3.3100424e+01
   7.7657685e+01   3.2980097e+01
   7.7747776e+01   3.2858241e+01
   7.7837866e+01   3.2734844e+01
   7.7927956e+01   3.2609894e+01
   7.8018046e+01   3.2483382e+01
   7.8108136e+01   3.2355295e+01
   7.8198226e+01   3.2225622e+01
   7.8288316e+01   3.2094352e+01
   7.8378406e+01   3.1961475e+01
   7.8468497e+01   3.1826979e+01
   7.8558587e+01   3.1690854e+01
   7.8648677e+01   3.1553087e+01
   7.8738767e+01   3.1413669e+01
   7.8828857e+01   3.1272588e+01
   7.8918947e+01   3.1129834e+01
   7.9009037e+01   3.0985396e+01
   7.9099127e+01   3.0839262e+01
   7.9189218e+01   3.0691423e+01
   7.9279308e+01   3.0541868e+01
   7.9369398e+01   3.0390587e+01
   7.9459488e+01   3.0237568e+01
   7.9549578e+01   3.0082802e+01
   7.9639668e+01   2.9926279e+01
   7.9729758e+01   2.9767988e+01
   7.9819848e+01   2.9607919e+01
   7.9909938e+01   2.9446063e+01
   8.0000029e+01   2.9282409e+01
   8.0090119e+01   2.9116949e+01
   8.0180209e+01   2.8949673e+01
   8.0270299e+01   2.8780571e+01
   8.0360389e+01   2.8609634e+01
   8.0450479e+01   2.8436854e+01
   8.0540569e+01   2.8262221e+01
   8.0630659e+01   2.8085727e+01
   8.0720750e+01   2.7907363e+01
   8.0810840e+01   2.7727122e+01
   8.0900930e+01   2.7544995e+01
   8.0991020e+01   2.7360975e+01
   8.1081110e+01   2.7175054e+01
   8.1171200e+01   2.6987224e+01
   8.1261290e+01   2.6797479e+01
   8.1351380e+01   2.6605811e+01
   8.1441471e+01   2.6412215e+01
   8.1531561e+01   2.6216684e+01
   8.1621651e+01   2.6019212e+01
   8.1711741e+01   2.5819794e+01
   8.1801831e+01   2.5618423e+01
   8.1891921e+01   2.5415096e+01
   8.1982011e+01   2.5209807e+01
   8.2072101e+01   2.5002552e+01
   8.2162192e+01   2.4793328e+01
   8.2252282e+01   2.4582130e+01
   8.2342372e+01   2.4368955e+01
   8.2432462e+01   2.4153801e+01
   8.2522552e+01   2.3936665e+01
   8.2612642e+01   2.3717545e+01
   8.2702732e+01   2.3496439e+01
   8.2792822e+01   2.3273347e+01
   8.2882913e+01   2.3048268e+01
   8.2973003e+01   2.2821201e+01
   8.3063093e+01   2.2592147e+01
   8.3153183e+01   2.2361107e+01
   8.3243273e+01   2.2128082e+01
   8.3333363e+01   2.1893073e+01
   8.3423453e+01   2.1656083e+01
   8.3513543e+01   2.1417114e+01
   8.3603633e+01   2.1176171e+01
   8.3693724e+01   2.0933257e+01
   8.3783814e+01   2.0688376e+01
   8.3873904e+01   2.0441535e+01
   8.3963994e+01   2.0192737e+01
   8.4054084e+01   1.9941990e+01
   8.4144174e+01   1.9689301e+01
   8.4234264e+01   1.9434677e+01
   8.4324354e+01   1.9178127e+01
   8.4414445e+01   1.8919659e+01
   8.4504535e+01   1.8659282e+01
   8.4594625e+01   1.8397007e+01
   8.4684715e+01   1.8132845e+01
   8.4774805e+01   1.7866807e+01
   8.4864895e+01   1.7598906e+01
   8.4954985e+01   1.7329154e+01
   8.5045075e+01   1.7057565e+01
   8.5135166e+01   1.6784154e+01
   8.5225256e+01   1.6508935e+01
   8.5315346e+01   1.6231924e+01
   8.5405436e+01   1.5953138e+01
   8.5495526e+01   1.5672595e+01
   8.5585616e+01   1.5390311e+01
   8.5675706e+01   1.5106307e+01
   8.5765796e+01   1.4820601e+01
   8.5855887e+01   1.4533214e+01
   8.5945977e+01   1.4244167e+01
   8.6036067e+01   1.3953481e+01
   8.6126157e+01   1.3661180e+01
   8.6216247e+01   1.3367287e+01
   8.6306337e+01   1.3071826e+01
   8.6396427e+01   1.2774821e+01
   8.6486517e+01   1.2476298e+01
   8.6576608e+01   1.2176284e+01
   8.6666698e+01   1.1874806e+01
   8.6756788e+01   1.1571892e+01
   8.6846878e+01   1.1267570e+01
   8.6936968e+01   1.0961869e+01
   8.7027058e+01   1.0654821e+01
   8.7117148e+01   1.0346455e+01
   8.7207238e+01   1.0036802e+01
   8.7297329e+01   9.7258967e+00
   8.7387419e+01   9.4137701e+00
   8.7477509e+01   9.1004562e+00
   8.7567599e+01   8.7859893e+00
   8.7657689e+01   8.4704042e+00
   8.7747779e+01   8.1537365e+00
   8.7837869e+01   7.8360224e+00
   8.7927959e+01   7.5172986e+00
   8.8018049e+01   7.1976024e+00
   8.8108140e+01   6.8769718e+00
   8.8198230e+01   6.5554452e+00
   8.8288320e+01   6.2330616e+00
   8.8378410e+01   5.9098606e+00
   8.8468500e+01   5.5858821e+00
   8.8558590e+01   5.2611668e+00
   8.8648680e+01   4.9357554e+00
   8.8738770e+01   4.6096894e+00
   8.8828861e+01   4.2830105e+00
   8.8918951e+01   3.9557609e+00
   8.9009041e+01   3.6279831e+00
   8.9099131e+01   3.2997199e+00
   8.9189221e+01   2.9710145e+00
   8.9279311e+01   2.6419103e+00
   8.9369401e+01   2.3124509e+00
   8.9459491e+01   1.9826803e+00
   8.9549582e+01   1.6526425e+00
   8.9639672e+01   1.3223818e+00
   8.9729762e+01   9.9194270e-01
   8.9819852e+01   6.6136960e-01
   8.9909942e+01   3.3070715e-01
   9.0000032e+01   1.2878931e-14
