   0.0000000e+00  -1.3248180e+01
   1.0000000e-03  -1.3248231e+01
   2.0000000e-03  -1.3248382e+01
   3.0000000e-03  -1.3248635e+01
   4.0000000e-03  -1.3248988e+01
   5.0000000e-03  -1.3249443e+01
   6.0000000e-03  -1.3249998e+01
   7.0000000e-03  -1.3250655e+01
   8.0000000e-03  -1.3251413e+01
   9.0000000e-03  -1.3252272e+01
   1.0000000e-02  -1.3253232e+01
   1.1000000e-02  -1.3254294e+01
   1.2000000e-02  -1.3255457e+01
   1.3000000e-02  -1.3256721e+01
   1.4000000e-02  -1.3258086e+01
   1.5000000e-02  -1.3259553e+01
   1.6000000e-02  -1.3261122e+01
   1.7000000e-02  -1.3262792e+01
   1.8000000e-02  -1.3264564e+01
   1.9000000e-02  -1.3266438e+01
   2.0000000e-02  -1.3268414e+01
   2.1000000e-02  -1.3270492e+01
   2.2000000e-02  -1.3272671e+01
   2.3000000e-02  -1.3274953e+01
   2.4000000e-02  -1.3277338e+01
   2.5000000e-02  -1.3279825e+01
   2.6000000e-02  -1.3282414e+01
   2.7000000e-02  -1.3285106e+01
   2.8000000e-02  -1.3287901e+01
   2.9000000e-02  -1.3290798e+01
   3.0000000e-02  -1.3293799e+01
   3.1000000e-02  -1.3296903e+01
   3.2000000e-02  -1.3300111e+01
   3.3000000e-02  -1.3303422e+01
   3.4000000e-02  -1.3306837e+01
   3.5000000e-02  -1.3310355e+01
   3.6000000e-02  -1.3313978e+01
   3.7000000e-02  -1.3317705e+01
   3.8000000e-02  -1.3321536e+01
   3.9000000e-02  -1.3325472e+01
   4.0000000e-02  -1.3329513e+01
   4.1000000e-02  -1.3333659e+01
   4.2000000e-02  -1.3337910e+01
   4.3000000e-02  -1.3342266e+01
   4.4000000e-02  -1.3346728e+01
   4.5000000e-02  -1.3351296e+01
   4.6000000e-02  -1.3355970e+01
   4.7000000e-02  -1.3360751e+01
   4.8000000e-02  -1.3365637e+01
   4.9000000e-02  -1.3370631e+01
   5.0000000e-02  -1.3375732e+01
   5.1000000e-02  -1.3380940e+01
   5.2000000e-02  -1.3386256e+01
   5.3000000e-02  -1.3391679e+01
   5.4000000e-02  -1.3397211e+01
   5.5000000e-02  -1.3402851e+01
   5.6000000e-02  -1.3408600e+01
   5.7000000e-02  -1.3414458e+01
   5.8000000e-02  -1.3420425e+01
   5.9000000e-02  -1.3426501e+01
   6.0000000e-02  -1.3432688e+01
   6.1000000e-02  -1.3438985e+01
   6.2000000e-02  -1.3445392e+01
   6.3000000e-02  -1.3451910e+01
   6.4000000e-02  -1.3458539e+01
   6.5000000e-02  -1.3465280e+01
   6.6000000e-02  -1.3472133e+01
   6.7000000e-02  -1.3479097e+01
   6.8000000e-02  -1.3486175e+01
   6.9000000e-02  -1.3493365e+01
   7.0000000e-02  -1.3500669e+01
   7.1000000e-02  -1.3508086e+01
   7.2000000e-02  -1.3515618e+01
   7.3000000e-02  -1.3523264e+01
   7.4000000e-02  -1.3531025e+01
   7.5000000e-02  -1.3538901e+01
   7.6000000e-02  -1.3546892e+01
   7.7000000e-02  -1.3555000e+01
   7.8000000e-02  -1.3563225e+01
   7.9000000e-02  -1.3571566e+01
   8.0000000e-02  -1.3580025e+01
   8.1000000e-02  -1.3588601e+01
   8.2000000e-02  -1.3597296e+01
   8.3000000e-02  -1.3606110e+01
   8.4000000e-02  -1.3615043e+01
   8.5000000e-02  -1.3624095e+01
   8.6000000e-02  -1.3633268e+01
   8.7000000e-02  -1.3642562e+01
   8.8000000e-02  -1.3651976e+01
   8.9000000e-02  -1.3661512e+01
   9.0000000e-02  -1.3671171e+01
   9.1000000e-02  -1.3680952e+01
   9.2000000e-02  -1.3690856e+01
   9.3000000e-02  -1.3700884e+01
   9.4000000e-02  -1.3711037e+01
   9.5000000e-02  -1.3721314e+01
   9.6000000e-02  -1.3731717e+01
   9.7000000e-02  -1.3742245e+01
   9.8000000e-02  -1.3752901e+01
   9.9000000e-02  -1.3763683e+01
   1.0000000e-01  -1.3774593e+01
   1.0100000e-01  -1.3785631e+01
   1.0200000e-01  -1.3796799e+01
   1.0300000e-01  -1.3808096e+01
   1.0400000e-01  -1.3819523e+01
   1.0500000e-01  -1.3831081e+01
   1.0600000e-01  -1.3842770e+01
   1.0700000e-01  -1.3854592e+01
   1.0800000e-01  -1.3866546e+01
   1.0900000e-01  -1.3878634e+01
   1.1000000e-01  -1.3890856e+01
   1.1100000e-01  -1.3903213e+01
   1.1200000e-01  -1.3915705e+01
   1.1300000e-01  -1.3928334e+01
   1.1400000e-01  -1.3941099e+01
   1.1500000e-01  -1.3954003e+01
   1.1600000e-01  -1.3967044e+01
   1.1700000e-01  -1.3980225e+01
   1.1800000e-01  -1.3993546e+01
   1.1900000e-01  -1.4007007e+01
   1.2000000e-01  -1.4020610e+01
   1.2100000e-01  -1.4034356e+01
   1.2200000e-01  -1.4048244e+01
   1.2300000e-01  -1.4062276e+01
   1.2400000e-01  -1.4076454e+01
   1.2500000e-01  -1.4090776e+01
   1.2600000e-01  -1.4105245e+01
   1.2700000e-01  -1.4119861e+01
   1.2800000e-01  -1.4134626e+01
   1.2900000e-01  -1.4149539e+01
   1.3000000e-01  -1.4164603e+01
   1.3100000e-01  -1.4179817e+01
   1.3200000e-01  -1.4195183e+01
   1.3300000e-01  -1.4210701e+01
   1.3400000e-01  -1.4226373e+01
   1.3500000e-01  -1.4242200e+01
   1.3600000e-01  -1.4258182e+01
   1.3700000e-01  -1.4274321e+01
   1.3800000e-01  -1.4290617e+01
   1.3900000e-01  -1.4307072e+01
   1.4000000e-01  -1.4323686e+01
   1.4100000e-01  -1.4340460e+01
   1.4200000e-01  -1.4357397e+01
   1.4300000e-01  -1.4374496e+01
   1.4400000e-01  -1.4391758e+01
   1.4500000e-01  -1.4409186e+01
   1.4600000e-01  -1.4426779e+01
   1.4700000e-01  -1.4444540e+01
   1.4800000e-01  -1.4462468e+01
   1.4900000e-01  -1.4480566e+01
   1.5000000e-01  -1.4498835e+01
   1.5100000e-01  -1.4517275e+01
   1.5200000e-01  -1.4535888e+01
   1.5300000e-01  -1.4554674e+01
   1.5400000e-01  -1.4573637e+01
   1.5500000e-01  -1.4592775e+01
   1.5600000e-01  -1.4612092e+01
   1.5700000e-01  -1.4631587e+01
   1.5800000e-01  -1.4651263e+01
   1.5900000e-01  -1.4671121e+01
   1.6000000e-01  -1.4691161e+01
   1.6100000e-01  -1.4711386e+01
   1.6200000e-01  -1.4731796e+01
   1.6300000e-01  -1.4752394e+01
   1.6400000e-01  -1.4773180e+01
   1.6500000e-01  -1.4794156e+01
   1.6600000e-01  -1.4815323e+01
   1.6700000e-01  -1.4836683e+01
   1.6800000e-01  -1.4858237e+01
   1.6900000e-01  -1.4879987e+01
   1.7000000e-01  -1.4901934e+01
   1.7100000e-01  -1.4924080e+01
   1.7200000e-01  -1.4946426e+01
   1.7300000e-01  -1.4968974e+01
   1.7400000e-01  -1.4991725e+01
   1.7500000e-01  -1.5014682e+01
   1.7600000e-01  -1.5037846e+01
   1.7700000e-01  -1.5061218e+01
   1.7800000e-01  -1.5084800e+01
   1.7900000e-01  -1.5108594e+01
   1.8000000e-01  -1.5132601e+01
   1.8100000e-01  -1.5156824e+01
   1.8200000e-01  -1.5181264e+01
   1.8300000e-01  -1.5205922e+01
   1.8400000e-01  -1.5230802e+01
   1.8500000e-01  -1.5255904e+01
   1.8600000e-01  -1.5281230e+01
   1.8700000e-01  -1.5306783e+01
   1.8800000e-01  -1.5332564e+01
   1.8900000e-01  -1.5358576e+01
   1.9000000e-01  -1.5384820e+01
   1.9100000e-01  -1.5411298e+01
   1.9200000e-01  -1.5438012e+01
   1.9300000e-01  -1.5464965e+01
   1.9400000e-01  -1.5492158e+01
   1.9500000e-01  -1.5519594e+01
   1.9600000e-01  -1.5547274e+01
   1.9700000e-01  -1.5575202e+01
   1.9800000e-01  -1.5603379e+01
   1.9900000e-01  -1.5631807e+01
   2.0000000e-01  -1.5660489e+01
   2.0100000e-01  -1.5689427e+01
   2.0200000e-01  -1.5718623e+01
   2.0300000e-01  -1.5748080e+01
   2.0400000e-01  -1.5777801e+01
   2.0500000e-01  -1.5807787e+01
   2.0600000e-01  -1.5838041e+01
   2.0700000e-01  -1.5868566e+01
   2.0800000e-01  -1.5899364e+01
   2.0900000e-01  -1.5930438e+01
   2.1000000e-01  -1.5961790e+01
   2.1100000e-01  -1.5993424e+01
   2.1200000e-01  -1.6025341e+01
   2.1300000e-01  -1.6057546e+01
   2.1400000e-01  -1.6090039e+01
   2.1500000e-01  -1.6122825e+01
   2.1600000e-01  -1.6155906e+01
   2.1700000e-01  -1.6189285e+01
   2.1800000e-01  -1.6222965e+01
   2.1900000e-01  -1.6256949e+01
   2.2000000e-01  -1.6291240e+01
   2.2100000e-01  -1.6325841e+01
   2.2200000e-01  -1.6360756e+01
   2.2300000e-01  -1.6395987e+01
   2.2400000e-01  -1.6431538e+01
   2.2500000e-01  -1.6467412e+01
   2.2600000e-01  -1.6503613e+01
   2.2700000e-01  -1.6540143e+01
   2.2800000e-01  -1.6577007e+01
   2.2900000e-01  -1.6614208e+01
   2.3000000e-01  -1.6651748e+01
   2.3100000e-01  -1.6689633e+01
   2.3200000e-01  -1.6727865e+01
   2.3300000e-01  -1.6766449e+01
   2.3400000e-01  -1.6805388e+01
   2.3500000e-01  -1.6844686e+01
   2.3600000e-01  -1.6884346e+01
   2.3700000e-01  -1.6924374e+01
   2.3800000e-01  -1.6964772e+01
   2.3900000e-01  -1.7005546e+01
   2.4000000e-01  -1.7046698e+01
   2.4100000e-01  -1.7088234e+01
   2.4200000e-01  -1.7130157e+01
   2.4300000e-01  -1.7172472e+01
   2.4400000e-01  -1.7215184e+01
   2.4500000e-01  -1.7258297e+01
   2.4600000e-01  -1.7301815e+01
   2.4700000e-01  -1.7345744e+01
   2.4800000e-01  -1.7390087e+01
   2.4900000e-01  -1.7434850e+01
   2.5000000e-01  -1.7480038e+01
   2.5100000e-01  -1.7525655e+01
   2.5200000e-01  -1.7571707e+01
   2.5300000e-01  -1.7618198e+01
   2.5400000e-01  -1.7665135e+01
   2.5500000e-01  -1.7712522e+01
   2.5600000e-01  -1.7760364e+01
   2.5700000e-01  -1.7808668e+01
   2.5800000e-01  -1.7857438e+01
   2.5900000e-01  -1.7906681e+01
   2.6000000e-01  -1.7956403e+01
   2.6100000e-01  -1.8006608e+01
   2.6200000e-01  -1.8057304e+01
   2.6300000e-01  -1.8108495e+01
   2.6400000e-01  -1.8160189e+01
   2.6500000e-01  -1.8212392e+01
   2.6600000e-01  -1.8265110e+01
   2.6700000e-01  -1.8318350e+01
   2.6800000e-01  -1.8372118e+01
   2.6900000e-01  -1.8426421e+01
   2.7000000e-01  -1.8481266e+01
   2.7100000e-01  -1.8536660e+01
   2.7200000e-01  -1.8592610e+01
   2.7300000e-01  -1.8649123e+01
   2.7400000e-01  -1.8706208e+01
   2.7500000e-01  -1.8763870e+01
   2.7600000e-01  -1.8822119e+01
   2.7700000e-01  -1.8880961e+01
   2.7800000e-01  -1.8940405e+01
   2.7900000e-01  -1.9000459e+01
   2.8000000e-01  -1.9061131e+01
   2.8100000e-01  -1.9122430e+01
   2.8200000e-01  -1.9184364e+01
   2.8300000e-01  -1.9246941e+01
   2.8400000e-01  -1.9310172e+01
   2.8500000e-01  -1.9374064e+01
   2.8600000e-01  -1.9438628e+01
   2.8700000e-01  -1.9503872e+01
   2.8800000e-01  -1.9569806e+01
   2.8900000e-01  -1.9636440e+01
   2.9000000e-01  -1.9703785e+01
   2.9100000e-01  -1.9771849e+01
   2.9200000e-01  -1.9840644e+01
   2.9300000e-01  -1.9910180e+01
   2.9400000e-01  -1.9980468e+01
   2.9500000e-01  -2.0051519e+01
   2.9600000e-01  -2.0123344e+01
   2.9700000e-01  -2.0195955e+01
   2.9800000e-01  -2.0269364e+01
   2.9900000e-01  -2.0343582e+01
   3.0000000e-01  -2.0418621e+01
   3.0100000e-01  -2.0494495e+01
   3.0200000e-01  -2.0571216e+01
   3.0300000e-01  -2.0648796e+01
   3.0400000e-01  -2.0727249e+01
   3.0500000e-01  -2.0806589e+01
   3.0600000e-01  -2.0886829e+01
   3.0700000e-01  -2.0967984e+01
   3.0800000e-01  -2.1050067e+01