   0.0000000e+00  -7.4810000e-01
   1.0000000e-03  -7.4810051e-01
   2.0000000e-03  -7.4810206e-01
   3.0000000e-03  -7.4810463e-01
   4.0000000e-03  -7.4810822e-01
   5.0000000e-03  -7.4811285e-01
   6.0000000e-03  -7.4811850e-01
   7.0000000e-03  -7.4812519e-01
   8.0000000e-03  -7.4813290e-01
   9.0000000e-03  -7.4814163e-01
   1.0000000e-02  -7.4815140e-01
   1.1000000e-02  -7.4816220e-01
   1.2000000e-02  -7.4817402e-01
   1.3000000e-02  -7.4818687e-01
   1.4000000e-02  -7.4820076e-01
   1.5000000e-02  -7.4821567e-01
   1.6000000e-02  -7.4823161e-01
   1.7000000e-02  -7.4824858e-01
   1.8000000e-02  -7.4826657e-01
   1.9000000e-02  -7.4828560e-01
   2.0000000e-02  -7.4830566e-01
   2.1000000e-02  -7.4832675e-01
   2.2000000e-02  -7.4834887e-01
   2.3000000e-02  -7.4837202e-01
   2.4000000e-02  -7.4839620e-01
   2.5000000e-02  -7.4842142e-01
   2.6000000e-02  -7.4844766e-01
   2.7000000e-02  -7.4847494e-01
   2.8000000e-02  -7.4850324e-01
   2.9000000e-02  -7.4853258e-01
   3.0000000e-02  -7.4856296e-01
   3.1000000e-02  -7.4859436e-01
   3.2000000e-02  -7.4862680e-01
   3.3000000e-02  -7.4866028e-01
   3.4000000e-02  -7.4869479e-01
   3.5000000e-02  -7.4873033e-01
   3.6000000e-02  -7.4876691e-01
   3.7000000e-02  -7.4880452e-01
   3.8000000e-02  -7.4884317e-01
   3.9000000e-02  -7.4888285e-01
   4.0000000e-02  -7.4892358e-01
   4.1000000e-02  -7.4896534e-01
   4.2000000e-02  -7.4900813e-01
   4.3000000e-02  -7.4905197e-01
   4.4000000e-02  -7.4909684e-01
   4.5000000e-02  -7.4914275e-01
   4.6000000e-02  -7.4918971e-01
   4.7000000e-02  -7.4923770e-01
   4.8000000e-02  -7.4928673e-01
   4.9000000e-02  -7.4933681e-01
   5.0000000e-02  -7.4938793e-01
   5.1000000e-02  -7.4944009e-01
   5.2000000e-02  -7.4949329e-01
   5.3000000e-02  -7.4954753e-01
   5.4000000e-02  -7.4960282e-01
   5.5000000e-02  -7.4965916e-01
   5.6000000e-02  -7.4971654e-01
   5.7000000e-02  -7.4977497e-01
   5.8000000e-02  -7.4983444e-01
   5.9000000e-02  -7.4989496e-01
   6.0000000e-02  -7.4995653e-01
   6.1000000e-02  -7.5001915e-01
   6.2000000e-02  -7.5008282e-01
   6.3000000e-02  -7.5014754e-01
   6.4000000e-02  -7.5021331e-01
   6.5000000e-02  -7.5028013e-01
   6.6000000e-02  -7.5034800e-01
   6.7000000e-02  -7.5041693e-01
   6.8000000e-02  -7.5048691e-01
   6.9000000e-02  -7.5055795e-01
   7.0000000e-02  -7.5063004e-01
   7.1000000e-02  -7.5070319e-01
   7.2000000e-02  -7.5077740e-01
   7.3000000e-02  -7.5085266e-01
   7.4000000e-02  -7.5092898e-01
   7.5000000e-02  -7.5100637e-01
   7.6000000e-02  -7.5108481e-01
   7.7000000e-02  -7.5116432e-01
   7.8000000e-02  -7.5124489e-01
   7.9000000e-02  -7.5132652e-01
   8.0000000e-02  -7.5140922e-01
   8.1000000e-02  -7.5149298e-01
   8.2000000e-02  -7.5157781e-01
   8.3000000e-02  -7.5166371e-01
   8.4000000e-02  -7.5175067e-01
   8.5000000e-02  -7.5183871e-01
   8.6000000e-02  -7.5192781e-01
   8.7000000e-02  -7.5201799e-01
   8.8000000e-02  -7.5210924e-01
   8.9000000e-02  -7.5220156e-01
   9.0000000e-02  -7.5229496e-01
   9.1000000e-02  -7.5238943e-01
   9.2000000e-02  -7.5248498e-01
   9.3000000e-02  -7.5258161e-01
   9.4000000e-02  -7.5267932e-01
   9.5000000e-02  -7.5277810e-01
   9.6000000e-02  -7.5287797e-01
   9.7000000e-02  -7.5297892e-01
   9.8000000e-02  -7.5308096e-01
   9.9000000e-02  -7.5318408e-01
   1.0000000e-01  -7.5328828e-01
   1.0100000e-01  -7.5339357e-01
   1.0200000e-01  -7.5349996e-01
   1.0300000e-01  -7.5360743e-01
   1.0400000e-01  -7.5371599e-01
   1.0500000e-01  -7.5382564e-01
   1.0600000e-01  -7.5393639e-01
   1.0700000e-01  -7.5404823e-01
   1.0800000e-01  -7.5416117e-01
   1.0900000e-01  -7.5427520e-01
   1.1000000e-01  -7.5439033e-01
   1.1100000e-01  -7.5450657e-01
   1.1200000e-01  -7.5462390e-01
   1.1300000e-01  -7.5474234e-01
   1.1400000e-01  -7.5486188e-01
   1.1500000e-01  -7.5498253e-01
   1.1600000e-01  -7.5510429e-01
   1.1700000e-01  -7.5522715e-01
   1.1800000e-01  -7.5535112e-01
   1.1900000e-01  -7.5547621e-01
   1.2000000e-01  -7.5560240e-01
   1.2100000e-01  -7.5572971e-01
   1.2200000e-01  -7.5585814e-01
   1.2300000e-01  -7.5598768e-01
   1.2400000e-01  -7.5611835e-01
   1.2500000e-01  -7.5625013e-01
   1.2600000e-01  -7.5638303e-01
   1.2700000e-01  -7.5651706e-01
   1.2800000e-01  -7.5665222e-01
   1.2900000e-01  -7.5678850e-01
   1.3000000e-01  -7.5692590e-01
   1.3100000e-01  -7.5706444e-01
   1.3200000e-01  -7.5720411e-01
   1.3300000e-01  -7.5734492e-01
   1.3400000e-01  -7.5748685e-01
   1.3500000e-01  -7.5762993e-01
   1.3600000e-01  -7.5777414e-01
   1.3700000e-01  -7.5791949e-01
   1.3800000e-01  -7.5806599e-01
   1.3900000e-01  -7.5821362e-01
   1.4000000e-01  -7.5836241e-01
   1.4100000e-01  -7.5851234e-01
   1.4200000e-01  -7.5866342e-01
   1.4300000e-01  -7.5881565e-01
   1.4400000e-01  -7.5896903e-01
   1.4500000e-01  -7.5912356e-01
   1.4600000e-01  -7.5927926e-01
   1.4700000e-01  -7.5943611e-01
   1.4800000e-01  -7.5959411e-01
   1.4900000e-01  -7.5975329e-01
   1.5000000e-01  -7.5991362e-01
   1.5100000e-01  -7.6007512e-01
   1.5200000e-01  -7.6023779e-01
   1.5300000e-01  -7.6040163e-01
   1.5400000e-01  -7.6056664e-01
   1.5500000e-01  -7.6073282e-01
   1.5600000e-01  -7.6090018e-01
   1.5700000e-01  -7.6106872e-01
   1.5800000e-01  -7.6123843e-01
   1.5900000e-01  -7.6140933e-01
   1.6000000e-01  -7.6158141e-01
   1.6100000e-01  -7.6175468e-01
   1.6200000e-01  -7.6192913e-01
   1.6300000e-01  -7.6210478e-01
   1.6400000e-01  -7.6228162e-01
   1.6500000e-01  -7.6245965e-01
   1.6600000e-01  -7.6263888e-01
   1.6700000e-01  -7.6281931e-01
   1.6800000e-01  -7.6300093e-01
   1.6900000e-01  -7.6318377e-01
   1.7000000e-01  -7.6336780e-01
   1.7100000e-01  -7.6355305e-01
   1.7200000e-01  -7.6373950e-01
   1.7300000e-01  -7.6392717e-01
   1.7400000e-01  -7.6411605e-01
   1.7500000e-01  -7.6430615e-01
   1.7600000e-01  -7.6449747e-01
   1.7700000e-01  -7.6469001e-01
   1.7800000e-01  -7.6488377e-01
   1.7900000e-01  -7.6507877e-01
   1.8000000e-01  -7.6527499e-01
   1.8100000e-01  -7.6547244e-01
   1.8200000e-01  -7.6567112e-01
   1.8300000e-01  -7.6587104e-01
   1.8400000e-01  -7.6607220e-01
   1.8500000e-01  -7.6627461e-01
   1.8600000e-01  -7.6647825e-01
   1.8700000e-01  -7.6668314e-01
   1.8800000e-01  -7.6688928e-01
   1.8900000e-01  -7.6709668e-01
   1.9000000e-01  -7.6730532e-01
   1.9100000e-01  -7.6751523e-01
   1.9200000e-01  -7.6772639e-01
   1.9300000e-01  -7.6793881e-01
   1.9400000e-01  -7.6815251e-01
   1.9500000e-01  -7.6836746e-01
   1.9600000e-01  -7.6858369e-01
   1.9700000e-01  -7.6880119e-01
   1.9800000e-01  -7.6901997e-01
   1.9900000e-01  -7.6924002e-01
   2.0000000e-01  -7.6946136e-01
   2.0100000e-01  -7.6968398e-01
   2.0200000e-01  -7.6990789e-01
   2.0300000e-01  -7.7013309e-01
   2.0400000e-01  -7.7035958e-01
   2.0500000e-01  -7.7058737e-01
   2.0600000e-01  -7.7081645e-01
   2.0700000e-01  -7.7104684e-01
   2.0800000e-01  -7.7127853e-01
   2.0900000e-01  -7.7151153e-01
   2.1000000e-01  -7.7174584e-01
   2.1100000e-01  -7.7198146e-01
   2.1200000e-01  -7.7221840e-01
   2.1300000e-01  -7.7245666e-01
   2.1400000e-01  -7.7269624e-01
   2.1500000e-01  -7.7293715e-01
   2.1600000e-01  -7.7317939e-01
   2.1700000e-01  -7.7342296e-01
   2.1800000e-01  -7.7366786e-01
   2.1900000e-01  -7.7391410e-01
   2.2000000e-01  -7.7416169e-01
   2.2100000e-01  -7.7441062e-01
   2.2200000e-01  -7.7466090e-01
   2.2300000e-01  -7.7491253e-01
   2.2400000e-01  -7.7516551e-01
   2.2500000e-01  -7.7541986e-01
   2.2600000e-01  -7.7567556e-01
   2.2700000e-01  -7.7593263e-01
   2.2800000e-01  -7.7619107e-01
   2.2900000e-01  -7.7645088e-01
   2.3000000e-01  -7.7671207e-01
   2.3100000e-01  -7.7697463e-01
   2.3200000e-01  -7.7723858e-01
   2.3300000e-01  -7.7750391e-01
   2.3400000e-01  -7.7777063e-01
   2.3500000e-01  -7.7803875e-01
   2.3600000e-01  -7.7830826e-01
   2.3700000e-01  -7.7857917e-01
   2.3800000e-01  -7.7885148e-01
   2.3900000e-01  -7.7912520e-01
   2.4000000e-01  -7.7940034e-01
   2.4100000e-01  -7.7967689e-01
   2.4200000e-01  -7.7995485e-01
   2.4300000e-01  -7.8023424e-01
   2.4400000e-01  -7.8051506e-01
   2.4500000e-01  -7.8079730e-01
   2.4600000e-01  -7.8108098e-01
   2.4700000e-01  -7.8136610e-01
   2.4800000e-01  -7.8165266e-01
   2.4900000e-01  -7.8194066e-01
   2.5000000e-01  -7.8223011e-01
   2.5100000e-01  -7.8252102e-01
   2.5200000e-01  -7.8281338e-01
   2.5300000e-01  -7.8310721e-01
   2.5400000e-01  -7.8340250e-01
   2.5500000e-01  -7.8369926e-01
   2.5600000e-01  -7.8399750e-01
   2.5700000e-01  -7.8429721e-01
   2.5800000e-01  -7.8459840e-01
   2.5900000e-01  -7.8490108e-01
   2.6000000e-01  -7.8520525e-01
   2.6100000e-01  -7.8551092e-01
   2.6200000e-01  -7.8581808e-01
   2.6300000e-01  -7.8612675e-01
   2.6400000e-01  -7.8643692e-01
   2.6500000e-01  -7.8674861e-01
   2.6600000e-01  -7.8706181e-01
   2.6700000e-01  -7.8737653e-01
   2.6800000e-01  -7.8769278e-01
   2.6900000e-01  -7.8801056e-01
   2.7000000e-01  -7.8832987e-01
   2.7100000e-01  -7.8865072e-01
   2.7200000e-01  -7.8897312e-01
   2.7300000e-01  -7.8929706e-01
   2.7400000e-01  -7.8962255e-01
   2.7500000e-01  -7.8994960e-01
   2.7600000e-01  -7.9027822e-01
   2.7700000e-01  -7.9060840e-01
   2.7800000e-01  -7.9094015e-01
   2.7900000e-01  -7.9127347e-01
   2.8000000e-01  -7.9160838e-01
   2.8100000e-01  -7.9194487e-01
   2.8200000e-01  -7.9228296e-01
   2.8300000e-01  -7.9262264e-01
   2.8400000e-01  -7.9296391e-01
   2.8500000e-01  -7.9330680e-01
   2.8600000e-01  -7.9365129e-01
   2.8700000e-01  -7.9399740e-01
   2.8800000e-01  -7.9434513e-01
   2.8900000e-01  -7.9469449e-01
   2.9000000e-01  -7.9504548e-01
   2.9100000e-01  -7.9539810e-01
   2.9200000e-01  -7.9575236e-01
   2.9300000e-01  -7.9610827e-01
   2.9400000e-01  -7.9646584e-01
   2.9500000e-01  -7.9682506e-01
   2.9600000e-01  -7.9718594e-01
   2.9700000e-01  -7.9754848e-01
   2.9800000e-01  -7.9791271e-01
   2.9900000e-01  -7.9827861e-01
   3.0000000e-01  -7.9864619e-01
   3.0100000e-01  -7.9901546e-01
   3.0200000e-01  -7.9938643e-01
   3.0300000e-01  -7.9975910e-01
   3.0400000e-01  -8.0013348e-01
   3.0500000e-01  -8.0050956e-01
   3.0600000e-01  -8.0088737e-01
   3.0700000e-01  -8.0126690e-01
   3.0800000e-01  -8.0164815e-01
   3.0900000e-01  -8.0203115e-01
   3.1000000e-01  -8.0241588e-01
   3.1100000e-01  -8.0280236e-01
   3.1200000e-01  -8.0319059e-01
   3.1300000e-01  -8.0358058e-01
   3.1400000e-01  -8.0397234e-01
   3.1500000e-01  -8.0436587e-01
   3.1600000e-01  -8.0476117e-01
   3.1700000e-01  -8.0515826e-01
   3.1800000e-01  -8.0555713e-01
   3.1900000e-01  -8.0595780e-01
   3.2000000e-01  -8.0636028e-01
   3.2100000e-01  -8.0676456e-01
   3.2200000e-01  -8.0717065e-01
   3.2300000e-01  -8.0757857e-01
   3.2400000e-01  -8.0798831e-01
   3.2500000e-01  -8.0839989e-01
   3.2600000e-01  -8.0881330e-01
   3.2700000e-01  -8.0922857e-01
   3.2800000e-01  -8.0964568e-01
   3.2900000e-01  -8.1006466e-01
   3.3000000e-01  -8.1048550e-01
   3.3100000e-01  -8.1090822e-01
   3.3200000e-01  -8.1133281e-01
   3.3300000e-01  -8.1175930e-01
   3.3400000e-01  -8.1218767e-01
   3.3500000e-01  -8.1261795e-01
   3.3600000e-01  -8.1305013e-01
   3.3700000e-01  -8.1348423e-01
   3.3800000e-01  -8.1392026e-01
   3.3900000e-01  -8.1435821e-01
   3.4000000e-01  -8.1479809e-01
   3.4100000e-01  -8.1523992e-01
   3.4200000e-01  -8.1568370e-01
   3.4300000e-01  -8.1612944e-01
   3.4400000e-01  -8.1657714e-01
   3.4500000e-01  -8.1702682e-01
   3.4600000e-01  -8.1747847e-01
   3.4700000e-01  -8.1793212e-01
   3.4800000e-01  -8.1838775e-01
   3.4900000e-01  -8.1884539e-01
   3.5000000e-01  -8.1930504e-01
   3.5100000e-01  -8.1976671e-01
   3.5200000e-01  -8.2023041e-01
   3.5300000e-01  -8.2069613e-01
   3.5400000e-01  -8.2116390e-01
   3.5500000e-01  -8.2163372e-01
   3.5600000e-01  -8.2210560e-01
   3.5700000e-01  -8.2257954e-01
   3.5800000e-01  -8.2305555e-01
   3.5900000e-01  -8.2353364e-01
   3.6000000e-01  -8.2401383e-01
   3.6100000e-01  -8.2449611e-01
   3.6200000e-01  -8.2498050e-01
   3.6300000e-01  -8.2546701e-01
   3.6400000e-01  -8.2595563e-01
   3.6500000e-01  -8.2644639e-01
   3.6600000e-01  -8.2693929e-01
   3.6700000e-01  -8.2743433e-01
   3.6800000e-01  -8.2793154e-01
   3.6900000e-01  -8.2843091e-01
   3.7000000e-01  -8.2893245e-01
   3.7100000e-01  -8.2943618e-01
   3.7200000e-01  -8.2994210e-01
   3.7300000e-01  -8.3045022e-01
   3.7400000e-01  -8.3096055e-01
   3.7500000e-01  -8.3147310e-01
   3.7600000e-01  -8.3198788e-01
   3.7700000e-01  -8.3250490e-01
   3.7800000e-01  -8.3302417e-01
   3.7900000e-01  -8.3354569e-01
   3.8000000e-01  -8.3406947e-01
   3.8100000e-01  -8.3459554e-01
   3.8200000e-01  -8.3512388e-01
   3.8300000e-01  -8.3565452e-01
   3.8400000e-01  -8.3618747e-01
   3.8500000e-01  -8.3672273e-01
   3.8600000e-01  -8.3726031e-01
   3.8700000e-01  -8.3780023e-01
   3.8800000e-01  -8.3834249e-01
   3.8900000e-01  -8.3888710e-01
   3.9000000e-01  -8.3943408e-01
   3.9100000e-01  -8.3998343e-01
   3.9200000e-01  -8.4053516e-01
   3.9300000e-01  -8.4108929e-01
   3.9400000e-01  -8.4164582e-01
   3.9500000e-01  -8.4220477e-01
   3.9600000e-01  -8.4276614e-01
   3.9700000e-01  -8.4332995e-01
   3.9800000e-01  -8.4389620e-01
   3.9900000e-01  -8.4446492e-01
   4.0000000e-01  -8.4503610e-01
   4.0100000e-01  -8.4560976e-01
   4.0200000e-01  -8.4618591e-01
   4.0300000e-01  -8.4676456e-01
   4.0400000e-01  -8.4734572e-01
   4.0500000e-01  -8.4792941e-01
   4.0600000e-01  -8.4851563e-01
   4.0700000e-01  -8.4910440e-01
   4.0800000e-01  -8.4969572e-01
   4.0900000e-01  -8.5028962e-01
   4.1000000e-01  -8.5088609e-01
   4.1100000e-01  -8.5148516e-01
   4.1200000e-01  -8.5208683e-01
   4.1300000e-01  -8.5269112e-01
   4.1400000e-01  -8.5329804e-01
   4.1500000e-01  -8.5390760e-01
   4.1600000e-01  -8.5451981e-01
   4.1700000e-01  -8.5513468e-01
   4.1800000e-01  -8.5575223e-01
   4.1900000e-01  -8.5637247e-01
   4.2000000e-01  -8.5699541e-01
   4.2100000e-01  -8.5762107e-01
   4.2200000e-01  -8.5824945e-01
   4.2300000e-01  -8.5888057e-01
   4.2400000e-01  -8.5951445e-01
   4.2500000e-01  -8.6015109e-01
   4.2600000e-01  -8.6079051e-01
   4.2700000e-01  -8.6143272e-01
   4.2800000e-01  -8.6207774e-01
   4.2900000e-01  -8.6272557e-01
   4.3000000e-01  -8.6337624e-01
   4.3100000e-01  -8.6402975e-01
   4.3200000e-01  -8.6468613e-01
   4.3300000e-01  -8.6534537e-01
   4.3400000e-01  -8.6600750e-01
   4.3500000e-01  -8.6667253e-01
   4.3600000e-01  -8.6734048e-01
   4.3700000e-01  -8.6801136e-01
   4.3800000e-01  -8.6868518e-01
   4.3900000e-01  -8.6936196e-01
   4.4000000e-01  -8.7004170e-01
   4.4100000e-01  -8.7072444e-01
   4.4200000e-01  -8.7141018e-01
   4.4300000e-01  -8.7209893e-01
   4.4400000e-01  -8.7279072e-01
   4.4500000e-01  -8.7348555e-01
   4.4600000e-01  -8.7418344e-01
   4.4700000e-01  -8.7488441e-01
   4.4800000e-01  -8.7558848e-01
   4.4900000e-01  -8.7629565e-01
   4.5000000e-01  -8.7700594e-01
   4.5100000e-01  -8.7771937e-01
   4.5200000e-01  -8.7843596e-01
   4.5300000e-01  -8.7915572e-01
   4.5400000e-01  -8.7987867e-01
   4.5500000e-01  -8.8060482e-01
   4.5600000e-01  -8.8133419e-01
   4.5700000e-01  -8.8206680e-01
   4.5800000e-01  -8.8280266e-01
   4.5900000e-01  -8.8354178e-01
   4.6000000e-01  -8.8428420e-01
   4.6100000e-01  -8.8502992e-01
   4.6200000e-01  -8.8577896e-01
   4.6300000e-01  -8.8653134e-01
   4.6400000e-01  -8.8728708e-01
   4.6500000e-01  -8.8804619e-01
   4.6600000e-01  -8.8880869e-01
   4.6700000e-01  -8.8957459e-01
   4.6800000e-01  -8.9034393e-01
   4.6900000e-01  -8.9111671e-01
   4.7000000e-01  -8.9189296e-01
   4.7100000e-01  -8.9267268e-01
   4.7200000e-01  -8.9345591e-01
   4.7300000e-01  -8.9424265e-01
   4.7400000e-01  -8.9503294e-01
   4.7500000e-01  -8.9582678e-01
   4.7600000e-01  -8.9662420e-01
   4.7700000e-01  -8.9742521e-01
   4.7800000e-01  -8.9822984e-01
   4.7900000e-01  -8.9903810e-01
   4.8000000e-01  -8.9985002e-01
   4.8100000e-01  -9.0066561e-01
   4.8200000e-01  -9.0148490e-01
   4.8300000e-01  -9.0230790e-01
   4.8400000e-01  -9.0313464e-01
   4.8500000e-01  -9.0396513e-01
   4.8600000e-01  -9.0479940e-01
   4.8700000e-01  -9.0563747e-01
   4.8800000e-01  -9.0647936e-01
   4.8900000e-01  -9.0732509e-01
   4.9000000e-01  -9.0817468e-01
   4.9100000e-01  -9.0902815e-01
   4.9200000e-01  -9.0988553e-01
   4.9300000e-01  -9.1074684e-01
   4.9400000e-01  -9.1161210e-01
   4.9500000e-01  -9.1248133e-01
   4.9600000e-01  -9.1335456e-01
   4.9700000e-01  -9.1423180e-01
   4.9800000e-01  -9.1511308e-01
   4.9900000e-01  -9.1599843e-01
   5.0000000e-01  -9.1688786e-01
   5.0100000e-01  -9.1778141e-01
   5.0200000e-01  -9.1867909e-01
   5.0300000e-01  -9.1958093e-01
   5.0400000e-01  -9.2048695e-01
   5.0500000e-01  -9.2139718e-01
   5.0600000e-01  -9.2231164e-01
   5.0700000e-01  -9.2323036e-01
   5.0800000e-01  -9.2415336e-01
   5.0900000e-01  -9.2508066e-01
   5.1000000e-01  -9.2601230e-01
   5.1100000e-01  -9.2694830e-01
   5.1200000e-01  -9.2788868e-01
   5.1300000e-01  -9.2883347e-01
   5.1400000e-01  -9.2978270e-01
   5.1500000e-01  -9.3073639e-01
   5.1600000e-01  -9.3169457e-01
   5.1700000e-01  -9.3265726e-01
   5.1800000e-01  -9.3362451e-01
   5.1900000e-01  -9.3459632e-01
   5.2000000e-01  -9.3557273e-01
   5.2100000e-01  -9.3655377e-01
   5.2200000e-01  -9.3753946e-01
   5.2300000e-01  -9.3852984e-01
   5.2400000e-01  -9.3952494e-01
   5.2500000e-01  -9.4052477e-01
   5.2600000e-01  -9.4152938e-01
   5.2700000e-01  -9.4253878e-01
   5.2800000e-01  -9.4355302e-01
   5.2900000e-01  -9.4457212e-01
   5.3000000e-01  -9.4559611e-01
   5.3100000e-01  -9.4662502e-01
   5.3200000e-01  -9.4765888e-01
   5.3300000e-01  -9.4869773e-01
   5.3400000e-01  -9.4974159e-01
   5.3500000e-01  -9.5079050e-01
   5.3600000e-01  -9.5184448e-01
   5.3700000e-01  -9.5290358e-01
   5.3800000e-01  -9.5396783e-01
   5.3900000e-01  -9.5503725e-01
   5.4000000e-01  -9.5611188e-01
   5.4100000e-01  -9.5719175e-01
   5.4200000e-01  -9.5827690e-01
   5.4300000e-01  -9.5936736e-01
   5.4400000e-01  -9.6046317e-01
   5.4500000e-01  -9.6156436e-01
   5.4600000e-01  -9.6267096e-01
   5.4700000e-01  -9.6378302e-01
   5.4800000e-01  -9.6490056e-01
   5.4900000e-01  -9.6602363e-01
   5.5000000e-01  -9.6715225e-01
   5.5100000e-01  -9.6828648e-01
   5.5200000e-01  -9.6942633e-01
   5.5300000e-01  -9.7057186e-01
   5.5400000e-01  -9.7172310e-01
   5.5500000e-01  -9.7288008e-01
   5.5600000e-01  -9.7404285e-01
   5.5700000e-01  -9.7521144e-01
   5.5800000e-01  -9.7638590e-01
   5.5900000e-01  -9.7756626e-01
   5.6000000e-01  -9.7875257e-01
   5.6100000e-01  -9.7994486e-01
   5.6200000e-01  -9.8114317e-01
   5.6300000e-01  -9.8234756e-01
   5.6400000e-01  -9.8355805e-01
   5.6500000e-01  -9.8477468e-01
   5.6600000e-01  -9.8599752e-01
   5.6700000e-01  -9.8722658e-01
   5.6800000e-01  -9.8846193e-01
   5.6900000e-01  -9.8970360e-01
   5.7000000e-01  -9.9095164e-01
   5.7100000e-01  -9.9220608e-01
   5.7200000e-01  -9.9346699e-01
   5.7300000e-01  -9.9473439e-01
   5.7400000e-01  -9.9600835e-01
   5.7500000e-01  -9.9728890e-01
   5.7600000e-01  -9.9857608e-01
   5.7700000e-01  -9.9986996e-01
   5.7800000e-01  -1.0011706e+00
   5.7900000e-01  -1.0024780e+00
   5.8000000e-01  -1.0037922e+00
   5.8100000e-01  -1.0051133e+00
   5.8200000e-01  -1.0064414e+00
   5.8300000e-01  -1.0077764e+00
   5.8400000e-01  -1.0091185e+00
   5.8500000e-01  -1.0104676e+00
   5.8600000e-01  -1.0118239e+00
   5.8700000e-01  -1.0131874e+00
   5.8800000e-01  -1.0145581e+00
   5.8900000e-01  -1.0159361e+00
   5.9000000e-01  -1.0173215e+00
   5.9100000e-01  -1.0187143e+00
   5.9200000e-01  -1.0201145e+00
   5.9300000e-01  -1.0215222e+00
   5.9400000e-01  -1.0229376e+00
   5.9500000e-01  -1.0243605e+00
   5.9600000e-01  -1.0257911e+00
   5.9700000e-01  -1.0272295e+00
   5.9800000e-01  -1.0286757e+00
   5.9900000e-01  -1.0301298e+00
   6.0000000e-01  -1.0315917e+00
   6.0100000e-01  -1.0330617e+00
   6.0200000e-01  -1.0345397e+00
   6.0300000e-01  -1.0360258e+00
   6.0400000e-01  -1.0375201e+00
   6.0500000e-01  -1.0390226e+00
   6.0600000e-01  -1.0405334e+00
   6.0700000e-01  -1.0420526e+00
   6.0800000e-01  -1.0435802e+00
   6.0900000e-01  -1.0451162e+00
   6.1000000e-01  -1.0466609e+00
   6.1100000e-01  -1.0482142e+00
   6.1200000e-01  -1.0497762e+00
   6.1300000e-01  -1.0513469e+00
   6.1400000e-01  -1.0529265e+00
   6.1500000e-01  -1.0545150e+00
   6.1600000e-01  -1.0561124e+00
   6.1700000e-01  -1.0577190e+00
   6.1800000e-01  -1.0593346e+00
   6.1900000e-01  -1.0609595e+00
   6.2000000e-01  -1.0625936e+00
   6.2100000e-01  -1.0642370e+00
   6.2200000e-01  -1.0658899e+00
   6.2300000e-01  -1.0675523e+00
   6.2400000e-01  -1.0692243e+00
   6.2500000e-01  -1.0709059e+00
   6.2600000e-01  -1.0725973e+00
   6.2700000e-01  -1.0742985e+00
   6.2800000e-01  -1.0760096e+00
   6.2900000e-01  -1.0777307e+00
   6.3000000e-01  -1.0794618e+00
   6.3100000e-01  -1.0812031e+00
   6.3200000e-01  -1.0829547e+00
   6.3300000e-01  -1.0847165e+00
   6.3400000e-01  -1.0864888e+00
   6.3500000e-01  -1.0882716e+00
   6.3600000e-01  -1.0900650e+00
   6.3700000e-01  -1.0918691e+00
   6.3800000e-01  -1.0936839e+00
   6.3900000e-01  -1.0955096e+00
   6.4000000e-01  -1.0973463e+00
   6.4100000e-01  -1.0991941e+00
   6.4200000e-01  -1.1010530e+00
   6.4300000e-01  -1.1029231e+00
   6.4400000e-01  -1.1048047e+00
   6.4500000e-01  -1.1066976e+00
   6.4600000e-01  -1.1086022e+00
   6.4700000e-01  -1.1105183e+00
   6.4800000e-01  -1.1124463e+00
   6.4900000e-01  -1.1143861e+00
   6.5000000e-01  -1.1163379e+00
   6.5100000e-01  -1.1183018e+00
   6.5200000e-01  -1.1202778e+00
   6.5300000e-01  -1.1222662e+00
   6.5400000e-01  -1.1242670e+00
   6.5500000e-01  -1.1262803e+00
   6.5600000e-01  -1.1283063e+00
   6.5700000e-01  -1.1303450e+00
   6.5800000e-01  -1.1323966e+00
   6.5900000e-01  -1.1344612e+00
   6.6000000e-01  -1.1365389e+00
   6.6100000e-01  -1.1386298e+00
   6.6200000e-01  -1.1407341e+00
   6.6300000e-01  -1.1428519e+00
   6.6400000e-01  -1.1449834e+00
   6.6500000e-01  -1.1471285e+00
   6.6600000e-01  -1.1492876e+00
   6.6700000e-01  -1.1514606e+00
   6.6800000e-01  -1.1536478e+00
   6.6900000e-01  -1.1558493e+00
   6.7000000e-01  -1.1580652e+00
   6.7100000e-01  -1.1602956e+00
   6.7200000e-01  -1.1625408e+00
   6.7300000e-01  -1.1648008e+00
   6.7400000e-01  -1.1670758e+00
   6.7500000e-01  -1.1693659e+00
   6.7600000e-01  -1.1716713e+00
   6.7700000e-01  -1.1739921e+00
   6.7800000e-01  -1.1763285e+00
   6.7900000e-01  -1.1786807e+00
   6.8000000e-01  -1.1810487e+00
   6.8100000e-01  -1.1834328e+00
   6.8200000e-01  -1.1858332e+00
   6.8300000e-01  -1.1882499e+00
   6.8400000e-01  -1.1906832e+00
   6.8500000e-01  -1.1931332e+00
   6.8600000e-01  -1.1956001e+00
   6.8700000e-01  -1.1980840e+00
   6.8800000e-01  -1.2005853e+00
   6.8900000e-01  -1.2031039e+00
   6.9000000e-01  -1.2056401e+00
   6.9100000e-01  -1.2081941e+00
   6.9200000e-01  -1.2107661e+00
   6.9300000e-01  -1.2133563e+00
   6.9400000e-01  -1.2159648e+00
   6.9500000e-01  -1.2185918e+00
   6.9600000e-01  -1.2212376e+00
   6.9700000e-01  -1.2239023e+00
   6.9800000e-01  -1.2265862e+00
   6.9900000e-01  -1.2292895e+00
   7.0000000e-01  -1.2320123e+00
   7.0100000e-01  -1.2347549e+00
   7.0200000e-01  -1.2375174e+00
   7.0300000e-01  -1.2403002e+00
   7.0400000e-01  -1.2431035e+00
   7.0500000e-01  -1.2459273e+00
   7.0600000e-01  -1.2487721e+00
   7.0700000e-01  -1.2516380e+00
   7.0800000e-01  -1.2545253e+00
   7.0900000e-01  -1.2574341e+00
   7.1000000e-01  -1.2603648e+00
   7.1100000e-01  -1.2633176e+00
   7.1200000e-01  -1.2662927e+00
   7.1300000e-01  -1.2692904e+00
   7.1400000e-01  -1.2723109e+00
   7.1500000e-01  -1.2753546e+00
   7.1600000e-01  -1.2784217e+00
   7.1700000e-01  -1.2815124e+00
   7.1800000e-01  -1.2846270e+00
   7.1900000e-01  -1.2877659e+00
   7.2000000e-01  -1.2909292e+00
   7.2100000e-01  -1.2941173e+00
   7.2200000e-01  -1.2973305e+00
   7.2300000e-01  -1.3005691e+00
   7.2400000e-01  -1.3038333e+00
   7.2500000e-01  -1.3071236e+00
   7.2600000e-01  -1.3104401e+00
   7.2700000e-01  -1.3137833e+00
   7.2800000e-01  -1.3171534e+00
   7.2900000e-01  -1.3205508e+00
   7.3000000e-01  -1.3239758e+00
   7.3100000e-01  -1.3274287e+00
   7.3200000e-01  -1.3309100e+00
   7.3300000e-01  -1.3344198e+00
   7.3400000e-01  -1.3379587e+00
   7.3500000e-01  -1.3415270e+00
   7.3600000e-01  -1.3451250e+00
   7.3700000e-01  -1.3487532e+00
   7.3800000e-01  -1.3524118e+00
   7.3900000e-01  -1.3561013e+00
   7.4000000e-01  -1.3598222e+00
   7.4100000e-01  -1.3635747e+00
   7.4200000e-01  -1.3673593e+00
   7.4300000e-01  -1.3711765e+00
   7.4400000e-01  -1.3750266e+00
   7.4500000e-01  -1.3789101e+00
   7.4600000e-01  -1.3828274e+00
   7.4700000e-01  -1.3867791e+00
   7.4800000e-01  -1.3907654e+00
   7.4900000e-01  -1.3947870e+00
   7.5000000e-01  -1.3988442e+00
   7.5100000e-01  -1.4029376e+00
   7.5200000e-01  -1.4070677e+00
   7.5300000e-01  -1.4112349e+00
   7.5400000e-01  -1.4154398e+00
   7.5500000e-01  -1.4196829e+00
   7.5600000e-01  -1.4239648e+00
   7.5700000e-01  -1.4282858e+00
   7.5800000e-01  -1.4326467e+00
   7.5900000e-01  -1.4370480e+00
   7.6000000e-01  -1.4414903e+00
   7.6100000e-01  -1.4459740e+00
   7.6200000e-01  -1.4504999e+00
   7.6300000e-01  -1.4550686e+00
   7.6400000e-01  -1.4596806e+00
   7.6500000e-01  -1.4643366e+00
   7.6600000e-01  -1.4690372e+00
   7.6700000e-01  -1.4737832e+00
   7.6800000e-01  -1.4785751e+00
   7.6900000e-01  -1.4834136e+00
   7.7000000e-01  -1.4882995e+00
   7.7100000e-01  -1.4932335e+00
   7.7200000e-01  -1.4982162e+00
   7.7300000e-01  -1.5032485e+00
   7.7400000e-01  -1.5083310e+00
   7.7500000e-01  -1.5134646e+00
   7.7600000e-01  -1.5186500e+00
   7.7700000e-01  -1.5238882e+00
   7.7800000e-01  -1.5291797e+00
   7.7900000e-01  -1.5345256e+00
   7.8000000e-01  -1.5399267e+00
   7.8100000e-01  -1.5453838e+00
   7.8200000e-01  -1.5508979e+00
   7.8300000e-01  -1.5564699e+00
   7.8400000e-01  -1.5621006e+00
   7.8500000e-01  -1.5677911e+00
   7.8600000e-01  -1.5735424e+00
   7.8700000e-01  -1.5793554e+00
   7.8800000e-01  -1.5852311e+00
   7.8900000e-01  -1.5911707e+00
   7.9000000e-01  -1.5971751e+00
   7.9100000e-01  -1.6032456e+00
   7.9200000e-01  -1.6093831e+00
   7.9300000e-01  -1.6155888e+00
   7.9400000e-01  -1.6218640e+00
   7.9500000e-01  -1.6282098e+00
   7.9600000e-01  -1.6346274e+00
   7.9700000e-01  -1.6411181e+00
   7.9800000e-01  -1.6476832e+00
   7.9900000e-01  -1.6543239e+00
   8.0000000e-01  -1.6610418e+00
   8.0100000e-01  -1.6678381e+00
   8.0200000e-01  -1.6747142e+00
   8.0300000e-01  -1.6816716e+00
   8.0400000e-01  -1.6887119e+00
   8.0500000e-01  -1.6958364e+00
   8.0600000e-01  -1.7030468e+00
   8.0700000e-01  -1.7103447e+00
   8.0800000e-01  -1.7177318e+00
   8.0900000e-01  -1.7252096e+00
   8.1000000e-01  -1.7327800e+00
   8.1100000e-01  -1.7404447e+00
   8.1200000e-01  -1.7482056e+00
   8.1300000e-01  -1.7560645e+00
   8.1400000e-01  -1.7640233e+00
   8.1500000e-01  -1.7720840e+00
   8.1600000e-01  -1.7802486e+00
   8.1700000e-01  -1.7885192e+00
   8.1800000e-01  -1.7968980e+00
   8.1900000e-01  -1.8053870e+00
   8.2000000e-01  -1.8139887e+00
   8.2100000e-01  -1.8227053e+00
   8.2200000e-01  -1.8315391e+00
   8.2300000e-01  -1.8404927e+00
   8.2400000e-01  -1.8495685e+00
   8.2500000e-01  -1.8587692e+00
   8.2600000e-01  -1.8680974e+00
   8.2700000e-01  -1.8775558e+00
   8.2800000e-01  -1.8871473e+00
   8.2900000e-01  -1.8968748e+00
   8.3000000e-01  -1.9067413e+00
   8.3100000e-01  -1.9167498e+00
   8.3200000e-01  -1.9269036e+00
   8.3300000e-01  -1.9372059e+00
   8.3400000e-01  -1.9476601e+00
   8.3500000e-01  -1.9582696e+00
   8.3600000e-01  -1.9690382e+00
   8.3700000e-01  -1.9799694e+00
   8.3800000e-01  -1.9910671e+00
   8.3900000e-01  -2.0023352e+00
   8.4000000e-01  -2.0137778e+00
   8.4100000e-01  -2.0253991e+00
   8.4200000e-01  -2.0372034e+00
   8.4300000e-01  -2.0491953e+00
   8.4400000e-01  -2.0613794e+00
   8.4500000e-01  -2.0737603e+00
   8.4600000e-01  -2.0863432e+00
   8.4700000e-01  -2.0991331e+00
   8.4800000e-01  -2.1121354e+00
   8.4900000e-01  -2.1253554e+00
   8.5000000e-01  -2.1387989e+00
   8.5100000e-01  -2.1524718e+00
   8.5200000e-01  -2.1663801e+00
   8.5300000e-01  -2.1805302e+00
   8.5400000e-01  -2.1949287e+00
   8.5500000e-01  -2.2095822e+00
   8.5600000e-01  -2.2244978e+00
   8.5700000e-01  -2.2396828e+00
   8.5800000e-01  -2.2551449e+00
   8.5900000e-01  -2.2708918e+00
   8.6000000e-01  -2.2869317e+00
   8.6100000e-01  -2.3032732e+00
   8.6200000e-01  -2.3199250e+00
   8.6300000e-01  -2.3368964e+00
   8.6400000e-01  -2.3541968e+00
   8.6500000e-01  -2.3718363e+00
   8.6600000e-01  -2.3898251e+00
   8.6700000e-01  -2.4081741e+00
   8.6800000e-01  -2.4268944e+00
   8.6900000e-01  -2.4459979e+00
   8.7000000e-01  -2.4654966e+00
   8.7100000e-01  -2.4854033e+00
   8.7200000e-01  -2.5057314e+00
   8.7300000e-01  -2.5264947e+00
   8.7400000e-01  -2.5477077e+00
   8.7500000e-01  -2.5693856e+00
   8.7600000e-01  -2.5915444e+00
   8.7700000e-01  -2.6142005e+00
   8.7800000e-01  -2.6373714e+00
   8.7900000e-01  -2.6610753e+00
   8.8000000e-01  -2.6853314e+00
   8.8100000e-01  -2.7101596e+00
   8.8200000e-01  -2.7355810e+00
   8.8300000e-01  -2.7616177e+00
   8.8400000e-01  -2.7882928e+00
   8.8500000e-01  -2.8156308e+00
   8.8600000e-01  -2.8436574e+00
   8.8700000e-01  -2.8723995e+00
   8.8800000e-01  -2.9018856e+00
   8.8900000e-01  -2.9321458e+00
   8.9000000e-01  -2.9632117e+00
   8.9100000e-01  -2.9951167e+00
   8.9200000e-01  -3.0278962e+00
   8.9300000e-01  -3.0615875e+00
   8.9400000e-01  -3.0962302e+00
   8.9500000e-01  -3.1318660e+00
   8.9600000e-01  -3.1685395e+00
   8.9700000e-01  -3.2062977e+00
   8.9800000e-01  -3.2451906e+00
   8.9900000e-01  -3.2852713e+00
   9.0000000e-01  -3.3265964e+00
   9.0100000e-01  -3.3692262e+00
   9.0200000e-01  -3.4132248e+00
   9.0300000e-01  -3.4586608e+00
   9.0400000e-01  -3.5056073e+00
   9.0500000e-01  -3.5541428e+00
   9.0600000e-01  -3.6043510e+00
   9.0700000e-01  -3.6563218e+00
   9.0800000e-01  -3.7101518e+00
   9.0900000e-01  -3.7659446e+00
   9.1000000e-01  -3.8238120e+00
   9.1100000e-01  -3.8838742e+00
   9.1200000e-01  -3.9462611e+00
   9.1300000e-01  -4.0111132e+00
   9.1400000e-01  -4.0785823e+00
   9.1500000e-01  -4.1488334e+00
   9.1600000e-01  -4.2220455e+00
   9.1700000e-01  -4.2984134e+00
   9.1800000e-01  -4.3781496e+00
   9.1900000e-01  -4.4614860e+00
   9.2000000e-01  -4.5486765e+00
   9.2100000e-01  -4.6399998e+00
   9.2200000e-01  -4.7357618e+00
   9.2300000e-01  -4.8362999e+00
   9.2400000e-01  -4.9419866e+00
   9.2500000e-01  -5.0532343e+00
   9.2600000e-01  -5.1705008e+00
   9.2700000e-01  -5.2942960e+00
   9.2800000e-01  -5.4251890e+00
   9.2900000e-01  -5.5638175e+00
   9.3000000e-01  -5.7108981e+00
   9.3100000e-01  -5.8672393e+00
   9.3200000e-01  -6.0337559e+00
   9.3300000e-01  -6.2114884e+00
   9.3400000e-01  -6.4016240e+00
   9.3500000e-01  -6.6055243e+00
   9.3600000e-01  -6.8247585e+00
   9.3700000e-01  -7.0611441e+00
   9.3800000e-01  -7.3167984e+00
   9.3900000e-01  -7.5942032e+00
   9.4000000e-01  -7.8962860e+00
   9.4100000e-01  -8.2265261e+00
   9.4200000e-01  -8.5890899e+00
   9.4300000e-01  -8.9890099e+00
   9.4400000e-01  -9.4324224e+00
   9.4500000e-01  -9.9268872e+00
   9.4600000e-01  -1.0481826e+01
   9.4700000e-01  -1.1109136e+01
   9.4800000e-01  -1.1824052e+01
   9.4900000e-01  -1.2646420e+01
   9.5000000e-01  -1.3602566e+01
   9.5100000e-01  -1.4728196e+01
   9.5200000e-01  -1.6072967e+01
   9.5300000e-01  -1.7708045e+01
   9.5400000e-01  -1.9739169e+01