   0.0000000e+00  -5.2702000e-01
   1.0000000e-03  -5.2702033e-01
   2.0000000e-03  -5.2702133e-01
   3.0000000e-03  -5.2702300e-01
   4.0000000e-03  -5.2702533e-01
   5.0000000e-03  -5.2702832e-01
   6.0000000e-03  -5.2703199e-01
   7.0000000e-03  -5.2703632e-01
   8.0000000e-03  -5.2704131e-01
   9.0000000e-03  -5.2704697e-01
   1.0000000e-02  -5.2705330e-01
   1.1000000e-02  -5.2706029e-01
   1.2000000e-02  -5.2706795e-01
   1.3000000e-02  -5.2707628e-01
   1.4000000e-02  -5.2708527e-01
   1.5000000e-02  -5.2709493e-01
   1.6000000e-02  -5.2710525e-01
   1.7000000e-02  -5.2711625e-01
   1.8000000e-02  -5.2712791e-01
   1.9000000e-02  -5.2714023e-01
   2.0000000e-02  -5.2715323e-01
   2.1000000e-02  -5.2716689e-01
   2.2000000e-02  -5.2718122e-01
   2.3000000e-02  -5.2719621e-01
   2.4000000e-02  -5.2721188e-01
   2.5000000e-02  -5.2722821e-01
   2.6000000e-02  -5.2724521e-01
   2.7000000e-02  -5.2726287e-01
   2.8000000e-02  -5.2728121e-01
   2.9000000e-02  -5.2730022e-01
   3.0000000e-02  -5.2731989e-01
   3.1000000e-02  -5.2734023e-01
   3.2000000e-02  -5.2736125e-01
   3.3000000e-02  -5.2738293e-01
   3.4000000e-02  -5.2740528e-01
   3.5000000e-02  -5.2742830e-01
   3.6000000e-02  -5.2745199e-01
   3.7000000e-02  -5.2747636e-01
   3.8000000e-02  -5.2750139e-01
   3.9000000e-02  -5.2752709e-01
   4.0000000e-02  -5.2755347e-01
   4.1000000e-02  -5.2758052e-01
   4.2000000e-02  -5.2760823e-01
   4.3000000e-02  -5.2763663e-01
   4.4000000e-02  -5.2766569e-01
   4.5000000e-02  -5.2769542e-01
   4.6000000e-02  -5.2772583e-01
   4.7000000e-02  -5.2775692e-01
   4.8000000e-02  -5.2778867e-01
   4.9000000e-02  -5.2782110e-01
   5.0000000e-02  -5.2785421e-01
   5.1000000e-02  -5.2788799e-01
   5.2000000e-02  -5.2792244e-01
   5.3000000e-02  -5.2795757e-01
   5.4000000e-02  -5.2799338e-01
   5.5000000e-02  -5.2802986e-01
   5.6000000e-02  -5.2806702e-01
   5.7000000e-02  -5.2810486e-01
   5.8000000e-02  -5.2814337e-01
   5.9000000e-02  -5.2818256e-01
   6.0000000e-02  -5.2822243e-01
   6.1000000e-02  -5.2826298e-01
   6.2000000e-02  -5.2830420e-01
   6.3000000e-02  -5.2834611e-01
   6.4000000e-02  -5.2838870e-01
   6.5000000e-02  -5.2843197e-01
   6.6000000e-02  -5.2847591e-01
   6.7000000e-02  -5.2852054e-01
   6.8000000e-02  -5.2856585e-01
   6.9000000e-02  -5.2861185e-01
   7.0000000e-02  -5.2865852e-01
   7.1000000e-02  -5.2870588e-01
   7.2000000e-02  -5.2875393e-01
   7.3000000e-02  -5.2880266e-01
   7.4000000e-02  -5.2885207e-01
   7.5000000e-02  -5.2890217e-01
   7.6000000e-02  -5.2895295e-01
   7.7000000e-02  -5.2900442e-01
   7.8000000e-02  -5.2905658e-01
   7.9000000e-02  -5.2910943e-01
   8.0000000e-02  -5.2916296e-01
   8.1000000e-02  -5.2921719e-01
   8.2000000e-02  -5.2927210e-01
   8.3000000e-02  -5.2932770e-01
   8.4000000e-02  -5.2938399e-01
   8.5000000e-02  -5.2944098e-01
   8.6000000e-02  -5.2949865e-01
   8.7000000e-02  -5.2955702e-01
   8.8000000e-02  -5.2961608e-01
   8.9000000e-02  -5.2967584e-01
   9.0000000e-02  -5.2973629e-01
   9.1000000e-02  -5.2979743e-01
   9.2000000e-02  -5.2985927e-01
   9.3000000e-02  -5.2992181e-01
   9.4000000e-02  -5.2998504e-01
   9.5000000e-02  -5.3004897e-01
   9.6000000e-02  -5.3011360e-01
   9.7000000e-02  -5.3017893e-01
   9.8000000e-02  -5.3024496e-01
   9.9000000e-02  -5.3031169e-01
   1.0000000e-01  -5.3037912e-01
   1.0100000e-01  -5.3044725e-01
   1.0200000e-01  -5.3051608e-01
   1.0300000e-01  -5.3058562e-01
   1.0400000e-01  -5.3065586e-01
   1.0500000e-01  -5.3072681e-01
   1.0600000e-01  -5.3079846e-01
   1.0700000e-01  -5.3087082e-01
   1.0800000e-01  -5.3094389e-01
   1.0900000e-01  -5.3101767e-01
   1.1000000e-01  -5.3109215e-01
   1.1100000e-01  -5.3116734e-01
   1.1200000e-01  -5.3124325e-01
   1.1300000e-01  -5.3131986e-01
   1.1400000e-01  -5.3139719e-01
   1.1500000e-01  -5.3147523e-01
   1.1600000e-01  -5.3155399e-01
   1.1700000e-01  -5.3163346e-01
   1.1800000e-01  -5.3171365e-01
   1.1900000e-01  -5.3179455e-01
   1.2000000e-01  -5.3187617e-01
   1.2100000e-01  -5.3195851e-01
   1.2200000e-01  -5.3204156e-01
   1.2300000e-01  -5.3212534e-01
   1.2400000e-01  -5.3220984e-01
   1.2500000e-01  -5.3229506e-01
   1.2600000e-01  -5.3238101e-01
   1.2700000e-01  -5.3246768e-01
   1.2800000e-01  -5.3255507e-01
   1.2900000e-01  -5.3264319e-01
   1.3000000e-01  -5.3273203e-01
   1.3100000e-01  -5.3282161e-01
   1.3200000e-01  -5.3291191e-01
   1.3300000e-01  -5.3300294e-01
   1.3400000e-01  -5.3309471e-01
   1.3500000e-01  -5.3318720e-01
   1.3600000e-01  -5.3328043e-01
   1.3700000e-01  -5.3337440e-01
   1.3800000e-01  -5.3346909e-01
   1.3900000e-01  -5.3356453e-01
   1.4000000e-01  -5.3366070e-01
   1.4100000e-01  -5.3375761e-01
   1.4200000e-01  -5.3385526e-01
   1.4300000e-01  -5.3395365e-01
   1.4400000e-01  -5.3405278e-01
   1.4500000e-01  -5.3415265e-01
   1.4600000e-01  -5.3425327e-01
   1.4700000e-01  -5.3435463e-01
   1.4800000e-01  -5.3445674e-01
   1.4900000e-01  -5.3455960e-01
   1.5000000e-01  -5.3466320e-01
   1.5100000e-01  -5.3476755e-01
   1.5200000e-01  -5.3487266e-01
   1.5300000e-01  -5.3497852e-01
   1.5400000e-01  -5.3508513e-01
   1.5500000e-01  -5.3519249e-01
   1.5600000e-01  -5.3530061e-01
   1.5700000e-01  -5.3540949e-01
   1.5800000e-01  -5.3551912e-01
   1.5900000e-01  -5.3562951e-01
   1.6000000e-01  -5.3574067e-01
   1.6100000e-01  -5.3585259e-01
   1.6200000e-01  -5.3596527e-01
   1.6300000e-01  -5.3607871e-01
   1.6400000e-01  -5.3619292e-01
   1.6500000e-01  -5.3630790e-01
   1.6600000e-01  -5.3642364e-01
   1.6700000e-01  -5.3654016e-01
   1.6800000e-01  -5.3665744e-01
   1.6900000e-01  -5.3677550e-01
   1.7000000e-01  -5.3689433e-01
   1.7100000e-01  -5.3701394e-01
   1.7200000e-01  -5.3713432e-01
   1.7300000e-01  -5.3725548e-01
   1.7400000e-01  -5.3737742e-01
   1.7500000e-01  -5.3750014e-01
   1.7600000e-01  -5.3762365e-01
   1.7700000e-01  -5.3774794e-01
   1.7800000e-01  -5.3787301e-01
   1.7900000e-01  -5.3799887e-01
   1.8000000e-01  -5.3812551e-01
   1.8100000e-01  -5.3825295e-01
   1.8200000e-01  -5.3838117e-01
   1.8300000e-01  -5.3851019e-01
   1.8400000e-01  -5.3864001e-01
   1.8500000e-01  -5.3877061e-01
   1.8600000e-01  -5.3890202e-01
   1.8700000e-01  -5.3903422e-01
   1.8800000e-01  -5.3916723e-01
   1.8900000e-01  -5.3930103e-01
   1.9000000e-01  -5.3943564e-01
   1.9100000e-01  -5.3957106e-01
   1.9200000e-01  -5.3970728e-01
   1.9300000e-01  -5.3984430e-01
   1.9400000e-01  -5.3998214e-01
   1.9500000e-01  -5.4012079e-01
   1.9600000e-01  -5.4026025e-01
   1.9700000e-01  -5.4040053e-01
   1.9800000e-01  -5.4054162e-01
   1.9900000e-01  -5.4068353e-01
   2.0000000e-01  -5.4082626e-01
   2.0100000e-01  -5.4096981e-01
   2.0200000e-01  -5.4111418e-01
   2.0300000e-01  -5.4125938e-01
   2.0400000e-01  -5.4140541e-01
   2.0500000e-01  -5.4155226e-01
   2.0600000e-01  -5.4169995e-01
   2.0700000e-01  -5.4184846e-01
   2.0800000e-01  -5.4199781e-01
   2.0900000e-01  -5.4214799e-01
   2.1000000e-01  -5.4229902e-01
   2.1100000e-01  -5.4245088e-01
   2.1200000e-01  -5.4260358e-01
   2.1300000e-01  -5.4275712e-01
   2.1400000e-01  -5.4291151e-01
   2.1500000e-01  -5.4306674e-01
   2.1600000e-01  -5.4322283e-01
   2.1700000e-01  -5.4337976e-01
   2.1800000e-01  -5.4353755e-01
   2.1900000e-01  -5.4369619e-01
   2.2000000e-01  -5.4385568e-01
   2.2100000e-01  -5.4401604e-01
   2.2200000e-01  -5.4417725e-01
   2.2300000e-01  -5.4433932e-01
   2.2400000e-01  -5.4450226e-01
   2.2500000e-01  -5.4466607e-01
   2.2600000e-01  -5.4483074e-01
   2.2700000e-01  -5.4499629e-01
   2.2800000e-01  -5.4516270e-01
   2.2900000e-01  -5.4532999e-01
   2.3000000e-01  -5.4549815e-01
   2.3100000e-01  -5.4566720e-01
   2.3200000e-01  -5.4583712e-01
   2.3300000e-01  -5.4600793e-01
   2.3400000e-01  -5.4617962e-01
   2.3500000e-01  -5.4635220e-01
   2.3600000e-01  -5.4652566e-01
   2.3700000e-01  -5.4670002e-01
   2.3800000e-01  -5.4687527e-01
   2.3900000e-01  -5.4705142e-01
   2.4000000e-01  -5.4722846e-01
   2.4100000e-01  -5.4740641e-01
   2.4200000e-01  -5.4758525e-01
   2.4300000e-01  -5.4776500e-01
   2.4400000e-01  -5.4794566e-01
   2.4500000e-01  -5.4812723e-01
   2.4600000e-01  -5.4830970e-01
   2.4700000e-01  -5.4849309e-01
   2.4800000e-01  -5.4867740e-01
   2.4900000e-01  -5.4886263e-01
   2.5000000e-01  -5.4904877e-01
   2.5100000e-01  -5.4923584e-01
   2.5200000e-01  -5.4942383e-01
   2.5300000e-01  -5.4961276e-01
   2.5400000e-01  -5.4980261e-01
   2.5500000e-01  -5.4999339e-01
   2.5600000e-01  -5.5018511e-01
   2.5700000e-01  -5.5037777e-01
   2.5800000e-01  -5.5057137e-01
   2.5900000e-01  -5.5076591e-01
   2.6000000e-01  -5.5096140e-01
   2.6100000e-01  -5.5115783e-01
   2.6200000e-01  -5.5135522e-01
   2.6300000e-01  -5.5155355e-01
   2.6400000e-01  -5.5175284e-01
   2.6500000e-01  -5.5195310e-01
   2.6600000e-01  -5.5215431e-01
   2.6700000e-01  -5.5235648e-01
   2.6800000e-01  -5.5255962e-01
   2.6900000e-01  -5.5276373e-01
   2.7000000e-01  -5.5296881e-01
   2.7100000e-01  -5.5317486e-01
   2.7200000e-01  -5.5338190e-01
   2.7300000e-01  -5.5358991e-01
   2.7400000e-01  -5.5379890e-01
   2.7500000e-01  -5.5400888e-01
   2.7600000e-01  -5.5421984e-01
   2.7700000e-01  -5.5443180e-01
   2.7800000e-01  -5.5464475e-01
   2.7900000e-01  -5.5485870e-01
   2.8000000e-01  -5.5507364e-01
   2.8100000e-01  -5.5528959e-01
   2.8200000e-01  -5.5550655e-01
   2.8300000e-01  -5.5572451e-01
   2.8400000e-01  -5.5594348e-01
   2.8500000e-01  -5.5616346e-01
   2.8600000e-01  -5.5638447e-01
   2.8700000e-01  -5.5660649e-01
   2.8800000e-01  -5.5682954e-01
   2.8900000e-01  -5.5705361e-01
   2.9000000e-01  -5.5727871e-01
   2.9100000e-01  -5.5750484e-01
   2.9200000e-01  -5.5773201e-01
   2.9300000e-01  -5.5796022e-01
   2.9400000e-01  -5.5818946e-01
   2.9500000e-01  -5.5841976e-01
   2.9600000e-01  -5.5865110e-01
   2.9700000e-01  -5.5888349e-01
   2.9800000e-01  -5.5911693e-01
   2.9900000e-01  -5.5935144e-01
   3.0000000e-01  -5.5958700e-01
   3.0100000e-01  -5.5982363e-01
   3.0200000e-01  -5.6006132e-01
   3.0300000e-01  -5.6030009e-01
   3.0400000e-01  -5.6053993e-01
   3.0500000e-01  -5.6078085e-01
   3.0600000e-01  -5.6102285e-01
   3.0700000e-01  -5.6126593e-01
   3.0800000e-01  -5.6151010e-01
   3.0900000e-01  -5.6175536e-01
   3.1000000e-01  -5.6200171e-01
   3.1100000e-01  -5.6224917e-01
   3.1200000e-01  -5.6249772e-01
   3.1300000e-01  -5.6274738e-01
   3.1400000e-01  -5.6299815e-01
   3.1500000e-01  -5.6325003e-01
   3.1600000e-01  -5.6350303e-01
   3.1700000e-01  -5.6375715e-01
   3.1800000e-01  -5.6401239e-01
   3.1900000e-01  -5.6426876e-01
   3.2000000e-01  -5.6452626e-01
   3.2100000e-01  -5.6478489e-01
   3.2200000e-01  -5.6504466e-01
   3.2300000e-01  -5.6530557e-01
   3.2400000e-01  -5.6556763e-01
   3.2500000e-01  -5.6583084e-01
   3.2600000e-01  -5.6609520e-01
   3.2700000e-01  -5.6636072e-01
   3.2800000e-01  -5.6662740e-01
   3.2900000e-01  -5.6689524e-01
   3.3000000e-01  -5.6716426e-01
   3.3100000e-01  -5.6743444e-01
   3.3200000e-01  -5.6770581e-01
   3.3300000e-01  -5.6797835e-01
   3.3400000e-01  -5.6825208e-01
   3.3500000e-01  -5.6852700e-01
   3.3600000e-01  -5.6880312e-01
   3.3700000e-01  -5.6908043e-01
   3.3800000e-01  -5.6935894e-01
   3.3900000e-01  -5.6963866e-01
   3.4000000e-01  -5.6991959e-01
   3.4100000e-01  -5.7020173e-01
   3.4200000e-01  -5.7048510e-01
   3.4300000e-01  -5.7076968e-01
   3.4400000e-01  -5.7105549e-01
   3.4500000e-01  -5.7134254e-01
   3.4600000e-01  -5.7163082e-01
   3.4700000e-01  -5.7192034e-01
   3.4800000e-01  -5.7221111e-01
   3.4900000e-01  -5.7250312e-01
   3.5000000e-01  -5.7279639e-01
   3.5100000e-01  -5.7309092e-01
   3.5200000e-01  -5.7338671e-01
   3.5300000e-01  -5.7368377e-01
   3.5400000e-01  -5.7398210e-01
   3.5500000e-01  -5.7428171e-01
   3.5600000e-01  -5.7458260e-01
   3.5700000e-01  -5.7488477e-01
   3.5800000e-01  -5.7518824e-01
   3.5900000e-01  -5.7549300e-01
   3.6000000e-01  -5.7579907e-01
   3.6100000e-01  -5.7610644e-01
   3.6200000e-01  -5.7641512e-01
   3.6300000e-01  -5.7672511e-01
   3.6400000e-01  -5.7703643e-01
   3.6500000e-01  -5.7734907e-01
   3.6600000e-01  -5.7766304e-01
   3.6700000e-01  -5.7797835e-01
   3.6800000e-01  -5.7829500e-01
   3.6900000e-01  -5.7861299e-01
   3.7000000e-01  -5.7893233e-01
   3.7100000e-01  -5.7925303e-01
   3.7200000e-01  -5.7957510e-01
   3.7300000e-01  -5.7989852e-01
   3.7400000e-01  -5.8022332e-01
   3.7500000e-01  -5.8054950e-01
   3.7600000e-01  -5.8087706e-01
   3.7700000e-01  -5.8120600e-01
   3.7800000e-01  -5.8153634e-01
   3.7900000e-01  -5.8186808e-01
   3.8000000e-01  -5.8220122e-01
   3.8100000e-01  -5.8253577e-01
   3.8200000e-01  -5.8287174e-01
   3.8300000e-01  -5.8320913e-01
   3.8400000e-01  -5.8354794e-01
   3.8500000e-01  -5.8388819e-01
   3.8600000e-01  -5.8422987e-01
   3.8700000e-01  -5.8457300e-01
   3.8800000e-01  -5.8491758e-01
   3.8900000e-01  -5.8526361e-01
   3.9000000e-01  -5.8561111e-01
   3.9100000e-01  -5.8596007e-01
   3.9200000e-01  -5.8631050e-01
   3.9300000e-01  -5.8666242e-01
   3.9400000e-01  -5.8701582e-01
   3.9500000e-01  -5.8737071e-01
   3.9600000e-01  -5.8772709e-01
   3.9700000e-01  -5.8808499e-01
   3.9800000e-01  -5.8844439e-01
   3.9900000e-01  -5.8880530e-01
   4.0000000e-01  -5.8916774e-01
   4.0100000e-01  -5.8953171e-01
   4.0200000e-01  -5.8989722e-01
   4.0300000e-01  -5.9026426e-01
   4.0400000e-01  -5.9063286e-01
   4.0500000e-01  -5.9100301e-01
   4.0600000e-01  -5.9137471e-01
   4.0700000e-01  -5.9174799e-01
   4.0800000e-01  -5.9212284e-01
   4.0900000e-01  -5.9249928e-01
   4.1000000e-01  -5.9287730e-01
   4.1100000e-01  -5.9325691e-01
   4.1200000e-01  -5.9363813e-01
   4.1300000e-01  -5.9402096e-01
   4.1400000e-01  -5.9440540e-01
   4.1500000e-01  -5.9479146e-01
   4.1600000e-01  -5.9517915e-01
   4.1700000e-01  -5.9556848e-01
   4.1800000e-01  -5.9595946e-01
   4.1900000e-01  -5.9635208e-01
   4.2000000e-01  -5.9674636e-01
   4.2100000e-01  -5.9714231e-01
   4.2200000e-01  -5.9753993e-01
   4.2300000e-01  -5.9793923e-01
   4.2400000e-01  -5.9834022e-01
   4.2500000e-01  -5.9874290e-01
   4.2600000e-01  -5.9914729e-01
   4.2700000e-01  -5.9955339e-01
   4.2800000e-01  -5.9996120e-01
   4.2900000e-01  -6.0037074e-01
   4.3000000e-01  -6.0078202e-01
   4.3100000e-01  -6.0119503e-01
   4.3200000e-01  -6.0160980e-01
   4.3300000e-01  -6.0202632e-01
   4.3400000e-01  -6.0244461e-01
   4.3500000e-01  -6.0286467e-01
   4.3600000e-01  -6.0328651e-01
   4.3700000e-01  -6.0371014e-01
   4.3800000e-01  -6.0413557e-01
   4.3900000e-01  -6.0456280e-01
   4.4000000e-01  -6.0499185e-01
   4.4100000e-01  -6.0542273e-01
   4.4200000e-01  -6.0585543e-01
   4.4300000e-01  -6.0628998e-01
   4.4400000e-01  -6.0672637e-01
   4.4500000e-01  -6.0716462e-01
   4.4600000e-01  -6.0760474e-01
   4.4700000e-01  -6.0804673e-01
   4.4800000e-01  -6.0849060e-01
   4.4900000e-01  -6.0893637e-01
   4.5000000e-01  -6.0938404e-01
   4.5100000e-01  -6.0983361e-01
   4.5200000e-01  -6.1028511e-01
   4.5300000e-01  -6.1073854e-01
   4.5400000e-01  -6.1119391e-01
   4.5500000e-01  -6.1165122e-01
   4.5600000e-01  -6.1211049e-01
   4.5700000e-01  -6.1257173e-01
   4.5800000e-01  -6.1303494e-01
   4.5900000e-01  -6.1350014e-01
   4.6000000e-01  -6.1396733e-01
   4.6100000e-01  -6.1443653e-01
   4.6200000e-01  -6.1490775e-01
   4.6300000e-01  -6.1538099e-01
   4.6400000e-01  -6.1585626e-01
   4.6500000e-01  -6.1633358e-01
   4.6600000e-01  -6.1681295e-01
   4.6700000e-01  -6.1729439e-01
   4.6800000e-01  -6.1777790e-01
   4.6900000e-01  -6.1826350e-01
   4.7000000e-01  -6.1875120e-01
   4.7100000e-01  -6.1924100e-01
   4.7200000e-01  -6.1973292e-01
   4.7300000e-01  -6.2022697e-01
   4.7400000e-01  -6.2072316e-01
   4.7500000e-01  -6.2122150e-01
   4.7600000e-01  -6.2172200e-01
   4.7700000e-01  -6.2222467e-01
   4.7800000e-01  -6.2272952e-01
   4.7900000e-01  -6.2323657e-01
   4.8000000e-01  -6.2374582e-01
   4.8100000e-01  -6.2425729e-01
   4.8200000e-01  -6.2477099e-01
   4.8300000e-01  -6.2528692e-01
   4.8400000e-01  -6.2580511e-01
   4.8500000e-01  -6.2632556e-01
   4.8600000e-01  -6.2684829e-01
   4.8700000e-01  -6.2737330e-01
   4.8800000e-01  -6.2790061e-01
   4.8900000e-01  -6.2843024e-01
   4.9000000e-01  -6.2896218e-01
   4.9100000e-01  -6.2949647e-01
   4.9200000e-01  -6.3003310e-01
   4.9300000e-01  -6.3057209e-01
   4.9400000e-01  -6.3111345e-01
   4.9500000e-01  -6.3165720e-01
   4.9600000e-01  -6.3220334e-01
   4.9700000e-01  -6.3275190e-01
   4.9800000e-01  -6.3330289e-01
   4.9900000e-01  -6.3385631e-01
   5.0000000e-01  -6.3441218e-01
   5.0100000e-01  -6.3497051e-01
   5.0200000e-01  -6.3553133e-01
   5.0300000e-01  -6.3609463e-01
   5.0400000e-01  -6.3666044e-01
   5.0500000e-01  -6.3722877e-01
   5.0600000e-01  -6.3779962e-01
   5.0700000e-01  -6.3837303e-01
   5.0800000e-01  -6.3894900e-01
   5.0900000e-01  -6.3952754e-01
   5.1000000e-01  -6.4010867e-01
   5.1100000e-01  -6.4069240e-01
   5.1200000e-01  -6.4127875e-01
   5.1300000e-01  -6.4186773e-01
   5.1400000e-01  -6.4245936e-01
   5.1500000e-01  -6.4305366e-01
   5.1600000e-01  -6.4365063e-01
   5.1700000e-01  -6.4425029e-01
   5.1800000e-01  -6.4485266e-01
   5.1900000e-01  -6.4545776e-01
   5.2000000e-01  -6.4606559e-01
   5.2100000e-01  -6.4667618e-01
   5.2200000e-01  -6.4728954e-01
   5.2300000e-01  -6.4790568e-01
   5.2400000e-01  -6.4852463e-01
   5.2500000e-01  -6.4914639e-01
   5.2600000e-01  -6.4977100e-01
   5.2700000e-01  -6.5039845e-01
   5.2800000e-01  -6.5102877e-01
   5.2900000e-01  -6.5166198e-01
   5.3000000e-01  -6.5229809e-01
   5.3100000e-01  -6.5293712e-01
   5.3200000e-01  -6.5357908e-01
   5.3300000e-01  -6.5422400e-01
   5.3400000e-01  -6.5487189e-01
   5.3500000e-01  -6.5552277e-01
   5.3600000e-01  -6.5617665e-01
   5.3700000e-01  -6.5683356e-01
   5.3800000e-01  -6.5749352e-01
   5.3900000e-01  -6.5815653e-01
   5.4000000e-01  -6.5882263e-01
   5.4100000e-01  -6.5949182e-01
   5.4200000e-01  -6.6016413e-01
   5.4300000e-01  -6.6083958e-01
   5.4400000e-01  -6.6151818e-01
   5.4500000e-01  -6.6219996e-01
   5.4600000e-01  -6.6288493e-01
   5.4700000e-01  -6.6357312e-01
   5.4800000e-01  -6.6426453e-01
   5.4900000e-01  -6.6495921e-01
   5.5000000e-01  -6.6565715e-01
   5.5100000e-01  -6.6635839e-01
   5.5200000e-01  -6.6706295e-01
   5.5300000e-01  -6.6777084e-01
   5.5400000e-01  -6.6848208e-01
   5.5500000e-01  -6.6919671e-01
   5.5600000e-01  -6.6991473e-01
   5.5700000e-01  -6.7063617e-01
   5.5800000e-01  -6.7136106e-01
   5.5900000e-01  -6.7208941e-01
   5.6000000e-01  -6.7282124e-01
   5.6100000e-01  -6.7355658e-01
   5.6200000e-01  -6.7429546e-01
   5.6300000e-01  -6.7503788e-01
   5.6400000e-01  -6.7578389e-01
   5.6500000e-01  -6.7653349e-01
   5.6600000e-01  -6.7728671e-01
   5.6700000e-01  -6.7804359e-01
   5.6800000e-01  -6.7880413e-01
   5.6900000e-01  -6.7956836e-01
   5.7000000e-01  -6.8033632e-01
   5.7100000e-01  -6.8110801e-01
   5.7200000e-01  -6.8188348e-01
   5.7300000e-01  -6.8266273e-01
   5.7400000e-01  -6.8344581e-01
   5.7500000e-01  -6.8423272e-01
   5.7600000e-01  -6.8502351e-01
   5.7700000e-01  -6.8581819e-01
   5.7800000e-01  -6.8661679e-01
   5.7900000e-01  -6.8741933e-01
   5.8000000e-01  -6.8822585e-01
   5.8100000e-01  -6.8903637e-01
   5.8200000e-01  -6.8985092e-01
   5.8300000e-01  -6.9066952e-01
   5.8400000e-01  -6.9149221e-01
   5.8500000e-01  -6.9231900e-01
   5.8600000e-01  -6.9314994e-01
   5.8700000e-01  -6.9398504e-01
   5.8800000e-01  -6.9482434e-01
   5.8900000e-01  -6.9566786e-01
   5.9000000e-01  -6.9651564e-01
   5.9100000e-01  -6.9736770e-01
   5.9200000e-01  -6.9822407e-01
   5.9300000e-01  -6.9908479e-01
   5.9400000e-01  -6.9994988e-01
   5.9500000e-01  -7.0081938e-01
   5.9600000e-01  -7.0169332e-01
   5.9700000e-01  -7.0257172e-01
   5.9800000e-01  -7.0345462e-01
   5.9900000e-01  -7.0434206e-01
   6.0000000e-01  -7.0523406e-01
   6.0100000e-01  -7.0613065e-01
   6.0200000e-01  -7.0703188e-01
   6.0300000e-01  -7.0793777e-01
   6.0400000e-01  -7.0884836e-01
   6.0500000e-01  -7.0976367e-01
   6.0600000e-01  -7.1068376e-01
   6.0700000e-01  -7.1160864e-01
   6.0800000e-01  -7.1253836e-01
   6.0900000e-01  -7.1347295e-01
   6.1000000e-01  -7.1441245e-01
   6.1100000e-01  -7.1535689e-01
   6.1200000e-01  -7.1630631e-01
   6.1300000e-01  -7.1726075e-01
   6.1400000e-01  -7.1822024e-01
   6.1500000e-01  -7.1918483e-01
   6.1600000e-01  -7.2015455e-01
   6.1700000e-01  -7.2112943e-01
   6.1800000e-01  -7.2210952e-01
   6.1900000e-01  -7.2309486e-01
   6.2000000e-01  -7.2408549e-01
   6.2100000e-01  -7.2508145e-01
   6.2200000e-01  -7.2608277e-01
   6.2300000e-01  -7.2708950e-01
   6.2400000e-01  -7.2810169e-01
   6.2500000e-01  -7.2911936e-01
   6.2600000e-01  -7.3014258e-01
   6.2700000e-01  -7.3117137e-01
   6.2800000e-01  -7.3220578e-01
   6.2900000e-01  -7.3324586e-01
   6.3000000e-01  -7.3429165e-01
   6.3100000e-01  -7.3534319e-01
   6.3200000e-01  -7.3640054e-01
   6.3300000e-01  -7.3746373e-01
   6.3400000e-01  -7.3853282e-01
   6.3500000e-01  -7.3960784e-01
   6.3600000e-01  -7.4068885e-01
   6.3700000e-01  -7.4177590e-01
   6.3800000e-01  -7.4286903e-01
   6.3900000e-01  -7.4396830e-01
   6.4000000e-01  -7.4507374e-01
   6.4100000e-01  -7.4618542e-01
   6.4200000e-01  -7.4730338e-01
   6.4300000e-01  -7.4842768e-01
   6.4400000e-01  -7.4955836e-01
   6.4500000e-01  -7.5069549e-01
   6.4600000e-01  -7.5183910e-01
   6.4700000e-01  -7.5298926e-01
   6.4800000e-01  -7.5414602e-01
   6.4900000e-01  -7.5530944e-01
   6.5000000e-01  -7.5647956e-01
   6.5100000e-01  -7.5765646e-01
   6.5200000e-01  -7.5884018e-01
   6.5300000e-01  -7.6003077e-01
   6.5400000e-01  -7.6122831e-01
   6.5500000e-01  -7.6243285e-01
   6.5600000e-01  -7.6364445e-01
   6.5700000e-01  -7.6486316e-01
   6.5800000e-01  -7.6608906e-01
   6.5900000e-01  -7.6732220e-01
   6.6000000e-01  -7.6856264e-01
   6.6100000e-01  -7.6981045e-01
   6.6200000e-01  -7.7106569e-01
   6.6300000e-01  -7.7232843e-01
   6.6400000e-01  -7.7359873e-01
   6.6500000e-01  -7.7487666e-01
   6.6600000e-01  -7.7616228e-01
   6.6700000e-01  -7.7745567e-01
   6.6800000e-01  -7.7875690e-01
   6.6900000e-01  -7.8006602e-01
   6.7000000e-01  -7.8138312e-01
   6.7100000e-01  -7.8270827e-01
   6.7200000e-01  -7.8404153e-01
   6.7300000e-01  -7.8538299e-01
   6.7400000e-01  -7.8673271e-01
   6.7500000e-01  -7.8809077e-01
   6.7600000e-01  -7.8945724e-01
   6.7700000e-01  -7.9083222e-01
   6.7800000e-01  -7.9221576e-01
   6.7900000e-01  -7.9360795e-01
   6.8000000e-01  -7.9500888e-01
   6.8100000e-01  -7.9641862e-01
   6.8200000e-01  -7.9783725e-01
   6.8300000e-01  -7.9926486e-01
   6.8400000e-01  -8.0070154e-01
   6.8500000e-01  -8.0214736e-01
   6.8600000e-01  -8.0360242e-01
   6.8700000e-01  -8.0506680e-01
   6.8800000e-01  -8.0654059e-01
   6.8900000e-01  -8.0802388e-01
   6.9000000e-01  -8.0951676e-01
   6.9100000e-01  -8.1101933e-01
   6.9200000e-01  -8.1253168e-01
   6.9300000e-01  -8.1405390e-01
   6.9400000e-01  -8.1558610e-01
   6.9500000e-01  -8.1712836e-01
   6.9600000e-01  -8.1868078e-01
   6.9700000e-01  -8.2024348e-01
   6.9800000e-01  -8.2181654e-01
   6.9900000e-01  -8.2340007e-01
   7.0000000e-01  -8.2499419e-01
   7.0100000e-01  -8.2659898e-01
   7.0200000e-01  -8.2821456e-01
   7.0300000e-01  -8.2984104e-01
   7.0400000e-01  -8.3147853e-01
   7.0500000e-01  -8.3312714e-01
   7.0600000e-01  -8.3478698e-01
   7.0700000e-01  -8.3645818e-01
   7.0800000e-01  -8.3814084e-01
   7.0900000e-01  -8.3983508e-01
   7.1000000e-01  -8.4154103e-01
   7.1100000e-01  -8.4325880e-01
   7.1200000e-01  -8.4498853e-01
   7.1300000e-01  -8.4673033e-01
   7.1400000e-01  -8.4848433e-01
   7.1500000e-01  -8.5025067e-01
   7.1600000e-01  -8.5202946e-01
   7.1700000e-01  -8.5382086e-01
   7.1800000e-01  -8.5562498e-01
   7.1900000e-01  -8.5744197e-01
   7.2000000e-01  -8.5927197e-01
   7.2100000e-01  -8.6111512e-01
   7.2200000e-01  -8.6297155e-01
   7.2300000e-01  -8.6484142e-01
   7.2400000e-01  -8.6672487e-01
   7.2500000e-01  -8.6862206e-01
   7.2600000e-01  -8.7053313e-01
   7.2700000e-01  -8.7245824e-01
   7.2800000e-01  -8.7439755e-01
   7.2900000e-01  -8.7635120e-01
   7.3000000e-01  -8.7831938e-01
   7.3100000e-01  -8.8030224e-01
   7.3200000e-01  -8.8229994e-01
   7.3300000e-01  -8.8431266e-01
   7.3400000e-01  -8.8634056e-01
   7.3500000e-01  -8.8838383e-01
   7.3600000e-01  -8.9044264e-01
   7.3700000e-01  -8.9251717e-01
   7.3800000e-01  -8.9460760e-01
   7.3900000e-01  -8.9671412e-01
   7.4000000e-01  -8.9883692e-01
   7.4100000e-01  -9.0097619e-01
   7.4200000e-01  -9.0313213e-01
   7.4300000e-01  -9.0530492e-01
   7.4400000e-01  -9.0749479e-01
   7.4500000e-01  -9.0970192e-01
   7.4600000e-01  -9.1192654e-01
   7.4700000e-01  -9.1416884e-01
   7.4800000e-01  -9.1642905e-01
   7.4900000e-01  -9.1870739e-01
   7.5000000e-01  -9.2100407e-01
   7.5100000e-01  -9.2331933e-01
   7.5200000e-01  -9.2565340e-01
   7.5300000e-01  -9.2800650e-01
   7.5400000e-01  -9.3037889e-01
   7.5500000e-01  -9.3277079e-01
   7.5600000e-01  -9.3518246e-01
   7.5700000e-01  -9.3761415e-01
   7.5800000e-01  -9.4006611e-01
   7.5900000e-01  -9.4253860e-01
   7.6000000e-01  -9.4503189e-01
   7.6100000e-01  -9.4754625e-01
   7.6200000e-01  -9.5008195e-01
   7.6300000e-01  -9.5263927e-01
   7.6400000e-01  -9.5521849e-01
   7.6500000e-01  -9.5781991e-01
   7.6600000e-01  -9.6044381e-01
   7.6700000e-01  -9.6309050e-01
   7.6800000e-01  -9.6576028e-01
   7.6900000e-01  -9.6845346e-01
   7.7000000e-01  -9.7117036e-01
   7.7100000e-01  -9.7391131e-01
   7.7200000e-01  -9.7667662e-01
   7.7300000e-01  -9.7946664e-01
   7.7400000e-01  -9.8228170e-01
   7.7500000e-01  -9.8512216e-01
   7.7600000e-01  -9.8798836e-01
   7.7700000e-01  -9.9088068e-01
   7.7800000e-01  -9.9379946e-01
   7.7900000e-01  -9.9674510e-01
   7.8000000e-01  -9.9971798e-01
   7.8100000e-01  -1.0027185e+00
   7.8200000e-01  -1.0057470e+00
   7.8300000e-01  -1.0088039e+00
   7.8400000e-01  -1.0118897e+00
   7.8500000e-01  -1.0150048e+00
   7.8600000e-01  -1.0181495e+00
   7.8700000e-01  -1.0213244e+00
   7.8800000e-01  -1.0245298e+00
   7.8900000e-01  -1.0277663e+00
   7.9000000e-01  -1.0310343e+00
   7.9100000e-01  -1.0343342e+00
   7.9200000e-01  -1.0376667e+00
   7.9300000e-01  -1.0410320e+00
   7.9400000e-01  -1.0444309e+00
   7.9500000e-01  -1.0478637e+00
   7.9600000e-01  -1.0513311e+00
   7.9700000e-01  -1.0548335e+00
   7.9800000e-01  -1.0583715e+00
   7.9900000e-01  -1.0619456e+00
   8.0000000e-01  -1.0655565e+00
   8.0100000e-01  -1.0692048e+00
   8.0200000e-01  -1.0728909e+00
   8.0300000e-01  -1.0766156e+00
   8.0400000e-01  -1.0803795e+00
   8.0500000e-01  -1.0841832e+00
   8.0600000e-01  -1.0880274e+00
   8.0700000e-01  -1.0919127e+00
   8.0800000e-01  -1.0958398e+00
   8.0900000e-01  -1.0998095e+00
   8.1000000e-01  -1.1038224e+00
   8.1100000e-01  -1.1078792e+00
   8.1200000e-01  -1.1119809e+00
   8.1300000e-01  -1.1161280e+00
   8.1400000e-01  -1.1203214e+00
   8.1500000e-01  -1.1245619e+00
   8.1600000e-01  -1.1288504e+00
   8.1700000e-01  -1.1331876e+00
   8.1800000e-01  -1.1375744e+00
   8.1900000e-01  -1.1420118e+00
   8.2000000e-01  -1.1465006e+00
   8.2100000e-01  -1.1510418e+00
   8.2200000e-01  -1.1556363e+00
   8.2300000e-01  -1.1602851e+00
   8.2400000e-01  -1.1649892e+00
   8.2500000e-01  -1.1697496e+00
   8.2600000e-01  -1.1745675e+00
   8.2700000e-01  -1.1794438e+00
   8.2800000e-01  -1.1843797e+00
   8.2900000e-01  -1.1893763e+00
   8.3000000e-01  -1.1944348e+00
   8.3100000e-01  -1.1995564e+00
   8.3200000e-01  -1.2047423e+00
   8.3300000e-01  -1.2099938e+00
   8.3400000e-01  -1.2153122e+00
   8.3500000e-01  -1.2206988e+00
   8.3600000e-01  -1.2261550e+00
   8.3700000e-01  -1.2316823e+00
   8.3800000e-01  -1.2372820e+00
   8.3900000e-01  -1.2429556e+00
   8.4000000e-01  -1.2487047e+00
   8.4100000e-01  -1.2545309e+00
   8.4200000e-01  -1.2604357e+00
   8.4300000e-01  -1.2664209e+00
   8.4400000e-01  -1.2724881e+00
   8.4500000e-01  -1.2786392e+00
   8.4600000e-01  -1.2848759e+00
   8.4700000e-01  -1.2912001e+00
   8.4800000e-01  -1.2976137e+00
   8.4900000e-01  -1.3041187e+00
   8.5000000e-01  -1.3107173e+00
   8.5100000e-01  -1.3174113e+00
   8.5200000e-01  -1.3242032e+00
   8.5300000e-01  -1.3310950e+00
   8.5400000e-01  -1.3380892e+00
   8.5500000e-01  -1.3451880e+00
   8.5600000e-01  -1.3523940e+00
   8.5700000e-01  -1.3597097e+00
   8.5800000e-01  -1.3671377e+00
   8.5900000e-01  -1.3746808e+00
   8.6000000e-01  -1.3823417e+00
   8.6100000e-01  -1.3901233e+00
   8.6200000e-01  -1.3980287e+00
   8.6300000e-01  -1.4060608e+00
   8.6400000e-01  -1.4142230e+00
   8.6500000e-01  -1.4225185e+00
   8.6600000e-01  -1.4309507e+00
   8.6700000e-01  -1.4395233e+00
   8.6800000e-01  -1.4482398e+00
   8.6900000e-01  -1.4571041e+00
   8.7000000e-01  -1.4661201e+00
   8.7100000e-01  -1.4752919e+00
   8.7200000e-01  -1.4846237e+00
   8.7300000e-01  -1.4941200e+00
   8.7400000e-01  -1.5037853e+00
   8.7500000e-01  -1.5136243e+00
   8.7600000e-01  -1.5236420e+00
   8.7700000e-01  -1.5338434e+00
   8.7800000e-01  -1.5442339e+00
   8.7900000e-01  -1.5548190e+00
   8.8000000e-01  -1.5656044e+00
   8.8100000e-01  -1.5765960e+00
   8.8200000e-01  -1.5878002e+00
   8.8300000e-01  -1.5992234e+00
   8.8400000e-01  -1.6108722e+00
   8.8500000e-01  -1.6227538e+00
   8.8600000e-01  -1.6348755e+00
   8.8700000e-01  -1.6472449e+00
   8.8800000e-01  -1.6598700e+00
   8.8900000e-01  -1.6727590e+00
   8.9000000e-01  -1.6859208e+00
   8.9100000e-01  -1.6993644e+00
   8.9200000e-01  -1.7130993e+00
   8.9300000e-01  -1.7271354e+00
   8.9400000e-01  -1.7414833e+00
   8.9500000e-01  -1.7561536e+00
   8.9600000e-01  -1.7711580e+00
   8.9700000e-01  -1.7865084e+00
   8.9800000e-01  -1.8022174e+00
   8.9900000e-01  -1.8182981e+00
   9.0000000e-01  -1.8347644e+00
   9.0100000e-01  -1.8516309e+00
   9.0200000e-01  -1.8689130e+00
   9.0300000e-01  -1.8866268e+00
   9.0400000e-01  -1.9047892e+00
   9.0500000e-01  -1.9234183e+00
   9.0600000e-01  -1.9425328e+00
   9.0700000e-01  -1.9621527e+00
   9.0800000e-01  -1.9822992e+00
   9.0900000e-01  -2.0029944e+00
   9.1000000e-01  -2.0242620e+00
   9.1100000e-01  -2.0461270e+00
   9.1200000e-01  -2.0686156e+00
   9.1300000e-01  -2.0917561e+00
   9.1400000e-01  -2.1155782e+00
   9.1500000e-01  -2.1401136e+00
   9.1600000e-01  -2.1653959e+00
   9.1700000e-01  -2.1914610e+00
   9.1800000e-01  -2.2183471e+00
   9.1900000e-01  -2.2460951e+00
   9.2000000e-01  -2.2747484e+00
   9.2100000e-01  -2.3043537e+00
   9.2200000e-01  -2.3349609e+00
   9.2300000e-01  -2.3666234e+00
   9.2400000e-01  -2.3993986e+00
   9.2500000e-01  -2.4333482e+00
   9.2600000e-01  -2.4685387e+00
   9.2700000e-01  -2.5050415e+00
   9.2800000e-01  -2.5429339e+00
   9.2900000e-01  -2.5822994e+00
   9.3000000e-01  -2.6232282e+00
   9.3100000e-01  -2.6658185e+00
   9.3200000e-01  -2.7101766e+00
   9.3300000e-01  -2.7564184e+00
   9.3400000e-01  -2.8046702e+00
   9.3500000e-01  -2.8550698e+00
   9.3600000e-01  -2.9077684e+00
   9.3700000e-01  -2.9629315e+00
   9.3800000e-01  -3.0207413e+00
   9.3900000e-01  -3.0813982e+00
   9.4000000e-01  -3.1451240e+00
   9.4100000e-01  -3.2121641e+00
   9.4200000e-01  -3.2827911e+00
   9.4300000e-01  -3.3573084e+00
   9.4400000e-01  -3.4360552e+00
   9.4500000e-01  -3.5194114e+00
   9.4600000e-01  -3.6078042e+00
   9.4700000e-01  -3.7017158e+00
   9.4800000e-01  -3.8016922e+00
   9.4900000e-01  -3.9083547e+00
   9.5000000e-01  -4.0224126e+00
   9.5100000e-01  -4.1446802e+00
   9.5200000e-01  -4.2760967e+00
   9.5300000e-01  -4.4177509e+00
   9.5400000e-01  -4.5709124e+00
   9.5500000e-01  -4.7370714e+00
   9.5600000e-01  -4.9179878e+00
   9.5700000e-01  -5.1157561e+00
   9.5800000e-01  -5.3328888e+00
   9.5900000e-01  -5.5724260e+00
   9.6000000e-01  -5.8380819e+00
   9.6100000e-01  -6.1344431e+00
   9.6200000e-01  -6.4672406e+00
   9.6300000e-01  -6.8437309e+00
   9.6400000e-01  -7.2732405e+00
   9.6500000e-01  -7.7679609e+00
   9.6600000e-01  -8.3441410e+00
   9.6700000e-01  -9.0239296e+00
   9.6800000e-01  -9.8383216e+00
   9.6900000e-01  -1.0832066e+01
   9.7000000e-01  -1.2072250e+01
   9.7100000e-01  -1.3664229e+01
   9.7200000e-01  -1.5783458e+01
   9.7300000e-01  -1.8745442e+01