   0.0000000e+00  -6.2613000e-01
   1.0000000e-03  -6.2613041e-01
   2.0000000e-03  -6.2613164e-01
   3.0000000e-03  -6.2613370e-01
   4.0000000e-03  -6.2613658e-01
   5.0000000e-03  -6.2614028e-01
   6.0000000e-03  -6.2614480e-01
   7.0000000e-03  -6.2615014e-01
   8.0000000e-03  -6.2615631e-01
   9.0000000e-03  -6.2616330e-01
   1.0000000e-02  -6.2617111e-01
   1.1000000e-02  -6.2617975e-01
   1.2000000e-02  -6.2618920e-01
   1.3000000e-02  -6.2619948e-01
   1.4000000e-02  -6.2621058e-01
   1.5000000e-02  -6.2622251e-01
   1.6000000e-02  -6.2623526e-01
   1.7000000e-02  -6.2624883e-01
   1.8000000e-02  -6.2626323e-01
   1.9000000e-02  -6.2627845e-01
   2.0000000e-02  -6.2629449e-01
   2.1000000e-02  -6.2631136e-01
   2.2000000e-02  -6.2632905e-01
   2.3000000e-02  -6.2634756e-01
   2.4000000e-02  -6.2636690e-01
   2.5000000e-02  -6.2638707e-01
   2.6000000e-02  -6.2640806e-01
   2.7000000e-02  -6.2642987e-01
   2.8000000e-02  -6.2645251e-01
   2.9000000e-02  -6.2647598e-01
   3.0000000e-02  -6.2650027e-01
   3.1000000e-02  -6.2652539e-01
   3.2000000e-02  -6.2655133e-01
   3.3000000e-02  -6.2657810e-01
   3.4000000e-02  -6.2660570e-01
   3.5000000e-02  -6.2663413e-01
   3.6000000e-02  -6.2666338e-01
   3.7000000e-02  -6.2669346e-01
   3.8000000e-02  -6.2672437e-01
   3.9000000e-02  -6.2675611e-01
   4.0000000e-02  -6.2678867e-01
   4.1000000e-02  -6.2682207e-01
   4.2000000e-02  -6.2685630e-01
   4.3000000e-02  -6.2689135e-01
   4.4000000e-02  -6.2692724e-01
   4.5000000e-02  -6.2696396e-01
   4.6000000e-02  -6.2700151e-01
   4.7000000e-02  -6.2703989e-01
   4.8000000e-02  -6.2707910e-01
   4.9000000e-02  -6.2711914e-01
   5.0000000e-02  -6.2716002e-01
   5.1000000e-02  -6.2720173e-01
   5.2000000e-02  -6.2724428e-01
   5.3000000e-02  -6.2728766e-01
   5.4000000e-02  -6.2733187e-01
   5.5000000e-02  -6.2737692e-01
   5.6000000e-02  -6.2742281e-01
   5.7000000e-02  -6.2746953e-01
   5.8000000e-02  -6.2751709e-01
   5.9000000e-02  -6.2756548e-01
   6.0000000e-02  -6.2761472e-01
   6.1000000e-02  -6.2766479e-01
   6.2000000e-02  -6.2771570e-01
   6.3000000e-02  -6.2776745e-01
   6.4000000e-02  -6.2782004e-01
   6.5000000e-02  -6.2787347e-01
   6.6000000e-02  -6.2792774e-01
   6.7000000e-02  -6.2798286e-01
   6.8000000e-02  -6.2803881e-01
   6.9000000e-02  -6.2809561e-01
   7.0000000e-02  -6.2815326e-01
   7.1000000e-02  -6.2821174e-01
   7.2000000e-02  -6.2827108e-01
   7.3000000e-02  -6.2833126e-01
   7.4000000e-02  -6.2839228e-01
   7.5000000e-02  -6.2845415e-01
   7.6000000e-02  -6.2851687e-01
   7.7000000e-02  -6.2858044e-01
   7.8000000e-02  -6.2864485e-01
   7.9000000e-02  -6.2871012e-01
   8.0000000e-02  -6.2877624e-01
   8.1000000e-02  -6.2884321e-01
   8.2000000e-02  -6.2891103e-01
   8.3000000e-02  -6.2897970e-01
   8.4000000e-02  -6.2904922e-01
   8.5000000e-02  -6.2911961e-01
   8.6000000e-02  -6.2919084e-01
   8.7000000e-02  -6.2926293e-01
   8.8000000e-02  -6.2933588e-01
   8.9000000e-02  -6.2940969e-01
   9.0000000e-02  -6.2948435e-01
   9.1000000e-02  -6.2955987e-01
   9.2000000e-02  -6.2963626e-01
   9.3000000e-02  -6.2971350e-01
   9.4000000e-02  -6.2979160e-01
   9.5000000e-02  -6.2987057e-01
   9.6000000e-02  -6.2995040e-01
   9.7000000e-02  -6.3003110e-01
   9.8000000e-02  -6.3011266e-01
   9.9000000e-02  -6.3019509e-01
   1.0000000e-01  -6.3027838e-01
   1.0100000e-01  -6.3036254e-01
   1.0200000e-01  -6.3044757e-01
   1.0300000e-01  -6.3053347e-01
   1.0400000e-01  -6.3062024e-01
   1.0500000e-01  -6.3070789e-01
   1.0600000e-01  -6.3079640e-01
   1.0700000e-01  -6.3088579e-01
   1.0800000e-01  -6.3097606e-01
   1.0900000e-01  -6.3106720e-01
   1.1000000e-01  -6.3115922e-01
   1.1100000e-01  -6.3125211e-01
   1.1200000e-01  -6.3134589e-01
   1.1300000e-01  -6.3144054e-01
   1.1400000e-01  -6.3153607e-01
   1.1500000e-01  -6.3163249e-01
   1.1600000e-01  -6.3172979e-01
   1.1700000e-01  -6.3182798e-01
   1.1800000e-01  -6.3192705e-01
   1.1900000e-01  -6.3202701e-01
   1.2000000e-01  -6.3212785e-01
   1.2100000e-01  -6.3222958e-01
   1.2200000e-01  -6.3233221e-01
   1.2300000e-01  -6.3243572e-01
   1.2400000e-01  -6.3254013e-01
   1.2500000e-01  -6.3264543e-01
   1.2600000e-01  -6.3275163e-01
   1.2700000e-01  -6.3285872e-01
   1.2800000e-01  -6.3296671e-01
   1.2900000e-01  -6.3307559e-01
   1.3000000e-01  -6.3318538e-01
   1.3100000e-01  -6.3329607e-01
   1.3200000e-01  -6.3340766e-01
   1.3300000e-01  -6.3352015e-01
   1.3400000e-01  -6.3363355e-01
   1.3500000e-01  -6.3374785e-01
   1.3600000e-01  -6.3386307e-01
   1.3700000e-01  -6.3397919e-01
   1.3800000e-01  -6.3409622e-01
   1.3900000e-01  -6.3421416e-01
   1.4000000e-01  -6.3433301e-01
   1.4100000e-01  -6.3445278e-01
   1.4200000e-01  -6.3457347e-01
   1.4300000e-01  -6.3469507e-01
   1.4400000e-01  -6.3481759e-01
   1.4500000e-01  -6.3494103e-01
   1.4600000e-01  -6.3506539e-01
   1.4700000e-01  -6.3519067e-01
   1.4800000e-01  -6.3531688e-01
   1.4900000e-01  -6.3544401e-01
   1.5000000e-01  -6.3557207e-01
   1.5100000e-01  -6.3570106e-01
   1.5200000e-01  -6.3583098e-01
   1.5300000e-01  -6.3596183e-01
   1.5400000e-01  -6.3609361e-01
   1.5500000e-01  -6.3622633e-01
   1.5600000e-01  -6.3635998e-01
   1.5700000e-01  -6.3649458e-01
   1.5800000e-01  -6.3663011e-01
   1.5900000e-01  -6.3676658e-01
   1.6000000e-01  -6.3690399e-01
   1.6100000e-01  -6.3704235e-01
   1.6200000e-01  -6.3718166e-01
   1.6300000e-01  -6.3732191e-01
   1.6400000e-01  -6.3746311e-01
   1.6500000e-01  -6.3760526e-01
   1.6600000e-01  -6.3774836e-01
   1.6700000e-01  -6.3789242e-01
   1.6800000e-01  -6.3803744e-01
   1.6900000e-01  -6.3818341e-01
   1.7000000e-01  -6.3833034e-01
   1.7100000e-01  -6.3847823e-01
   1.7200000e-01  -6.3862709e-01
   1.7300000e-01  -6.3877690e-01
   1.7400000e-01  -6.3892769e-01
   1.7500000e-01  -6.3907944e-01
   1.7600000e-01  -6.3923217e-01
   1.7700000e-01  -6.3938586e-01
   1.7800000e-01  -6.3954053e-01
   1.7900000e-01  -6.3969617e-01
   1.8000000e-01  -6.3985280e-01
   1.8100000e-01  -6.4001040e-01
   1.8200000e-01  -6.4016898e-01
   1.8300000e-01  -6.4032854e-01
   1.8400000e-01  -6.4048909e-01
   1.8500000e-01  -6.4065063e-01
   1.8600000e-01  -6.4081316e-01
   1.8700000e-01  -6.4097667e-01
   1.8800000e-01  -6.4114118e-01
   1.8900000e-01  -6.4130669e-01
   1.9000000e-01  -6.4147319e-01
   1.9100000e-01  -6.4164069e-01
   1.9200000e-01  -6.4180919e-01
   1.9300000e-01  -6.4197869e-01
   1.9400000e-01  -6.4214920e-01
   1.9500000e-01  -6.4232072e-01
   1.9600000e-01  -6.4249324e-01
   1.9700000e-01  -6.4266678e-01
   1.9800000e-01  -6.4284133e-01
   1.9900000e-01  -6.4301689e-01
   2.0000000e-01  -6.4319347e-01
   2.0100000e-01  -6.4337108e-01
   2.0200000e-01  -6.4354970e-01
   2.0300000e-01  -6.4372935e-01
   2.0400000e-01  -6.4391002e-01
   2.0500000e-01  -6.4409173e-01
   2.0600000e-01  -6.4427446e-01
   2.0700000e-01  -6.4445823e-01
   2.0800000e-01  -6.4464303e-01
   2.0900000e-01  -6.4482888e-01
   2.1000000e-01  -6.4501576e-01
   2.1100000e-01  -6.4520368e-01
   2.1200000e-01  -6.4539265e-01
   2.1300000e-01  -6.4558267e-01
   2.1400000e-01  -6.4577373e-01
   2.1500000e-01  -6.4596585e-01
   2.1600000e-01  -6.4615902e-01
   2.1700000e-01  -6.4635325e-01
   2.1800000e-01  -6.4654854e-01
   2.1900000e-01  -6.4674489e-01
   2.2000000e-01  -6.4694230e-01
   2.2100000e-01  -6.4714078e-01
   2.2200000e-01  -6.4734033e-01
   2.2300000e-01  -6.4754095e-01
   2.2400000e-01  -6.4774265e-01
   2.2500000e-01  -6.4794542e-01
   2.2600000e-01  -6.4814927e-01
   2.2700000e-01  -6.4835421e-01
   2.2800000e-01  -6.4856023e-01
   2.2900000e-01  -6.4876733e-01
   2.3000000e-01  -6.4897553e-01
   2.3100000e-01  -6.4918481e-01
   2.3200000e-01  -6.4939520e-01
   2.3300000e-01  -6.4960668e-01
   2.3400000e-01  -6.4981926e-01
   2.3500000e-01  -6.5003295e-01
   2.3600000e-01  -6.5024774e-01
   2.3700000e-01  -6.5046364e-01
   2.3800000e-01  -6.5068065e-01
   2.3900000e-01  -6.5089878e-01
   2.4000000e-01  -6.5111802e-01
   2.4100000e-01  -6.5133838e-01
   2.4200000e-01  -6.5155987e-01
   2.4300000e-01  -6.5178248e-01
   2.4400000e-01  -6.5200623e-01
   2.4500000e-01  -6.5223110e-01
   2.4600000e-01  -6.5245711e-01
   2.4700000e-01  -6.5268426e-01
   2.4800000e-01  -6.5291254e-01
   2.4900000e-01  -6.5314197e-01
   2.5000000e-01  -6.5337255e-01
   2.5100000e-01  -6.5360428e-01
   2.5200000e-01  -6.5383716e-01
   2.5300000e-01  -6.5407120e-01
   2.5400000e-01  -6.5430639e-01
   2.5500000e-01  -6.5454275e-01
   2.5600000e-01  -6.5478027e-01
   2.5700000e-01  -6.5501896e-01
   2.5800000e-01  -6.5525883e-01
   2.5900000e-01  -6.5549986e-01
   2.6000000e-01  -6.5574208e-01
   2.6100000e-01  -6.5598548e-01
   2.6200000e-01  -6.5623006e-01
   2.6300000e-01  -6.5647583e-01
   2.6400000e-01  -6.5672279e-01
   2.6500000e-01  -6.5697095e-01
   2.6600000e-01  -6.5722030e-01
   2.6700000e-01  -6.5747086e-01
   2.6800000e-01  -6.5772262e-01
   2.6900000e-01  -6.5797559e-01
   2.7000000e-01  -6.5822977e-01
   2.7100000e-01  -6.5848516e-01
   2.7200000e-01  -6.5874178e-01
   2.7300000e-01  -6.5899961e-01
   2.7400000e-01  -6.5925867e-01
   2.7500000e-01  -6.5951896e-01
   2.7600000e-01  -6.5978049e-01
   2.7700000e-01  -6.6004325e-01
   2.7800000e-01  -6.6030725e-01
   2.7900000e-01  -6.6057249e-01
   2.8000000e-01  -6.6083898e-01
   2.8100000e-01  -6.6110672e-01
   2.8200000e-01  -6.6137572e-01
   2.8300000e-01  -6.6164598e-01
   2.8400000e-01  -6.6191749e-01
   2.8500000e-01  -6.6219028e-01
   2.8600000e-01  -6.6246433e-01
   2.8700000e-01  -6.6273966e-01
   2.8800000e-01  -6.6301626e-01
   2.8900000e-01  -6.6329415e-01
   2.9000000e-01  -6.6357332e-01
   2.9100000e-01  -6.6385379e-01
   2.9200000e-01  -6.6413554e-01
   2.9300000e-01  -6.6441859e-01
   2.9400000e-01  -6.6470295e-01
   2.9500000e-01  -6.6498861e-01
   2.9600000e-01  -6.6527558e-01
   2.9700000e-01  -6.6556386e-01
   2.9800000e-01  -6.6585346e-01
   2.9900000e-01  -6.6614439e-01
   3.0000000e-01  -6.6643664e-01
   3.0100000e-01  -6.6673022e-01
   3.0200000e-01  -6.6702513e-01
   3.0300000e-01  -6.6732138e-01
   3.0400000e-01  -6.6761898e-01
   3.0500000e-01  -6.6791792e-01
   3.0600000e-01  -6.6821822e-01
   3.0700000e-01  -6.6851987e-01
   3.0800000e-01  -6.6882289e-01
   3.0900000e-01  -6.6912727e-01
   3.1000000e-01  -6.6943301e-01
   3.1100000e-01  -6.6974014e-01
   3.1200000e-01  -6.7004864e-01
   3.1300000e-01  -6.7035852e-01
   3.1400000e-01  -6.7066979e-01
   3.1500000e-01  -6.7098246e-01
   3.1600000e-01  -6.7129652e-01
   3.1700000e-01  -6.7161198e-01
   3.1800000e-01  -6.7192885e-01
   3.1900000e-01  -6.7224713e-01
   3.2000000e-01  -6.7256683e-01
   3.2100000e-01  -6.7288795e-01
   3.2200000e-01  -6.7321049e-01
   3.2300000e-01  -6.7353446e-01
   3.2400000e-01  -6.7385987e-01
   3.2500000e-01  -6.7418672e-01
   3.2600000e-01  -6.7451502e-01
   3.2700000e-01  -6.7484476e-01
   3.2800000e-01  -6.7517596e-01
   3.2900000e-01  -6.7550862e-01
   3.3000000e-01  -6.7584275e-01
   3.3100000e-01  -6.7617834e-01
   3.3200000e-01  -6.7651542e-01
   3.3300000e-01  -6.7685397e-01
   3.3400000e-01  -6.7719401e-01
   3.3500000e-01  -6.7753554e-01
   3.3600000e-01  -6.7787857e-01
   3.3700000e-01  -6.7822310e-01
   3.3800000e-01  -6.7856913e-01
   3.3900000e-01  -6.7891668e-01
   3.4000000e-01  -6.7926575e-01
   3.4100000e-01  -6.7961634e-01
   3.4200000e-01  -6.7996846e-01
   3.4300000e-01  -6.8032212e-01
   3.4400000e-01  -6.8067731e-01
   3.4500000e-01  -6.8103406e-01
   3.4600000e-01  -6.8139235e-01
   3.4700000e-01  -6.8175220e-01
   3.4800000e-01  -6.8211362e-01
   3.4900000e-01  -6.8247660e-01
   3.5000000e-01  -6.8284116e-01
   3.5100000e-01  -6.8320730e-01
   3.5200000e-01  -6.8357502e-01
   3.5300000e-01  -6.8394434e-01
   3.5400000e-01  -6.8431525e-01
   3.5500000e-01  -6.8468777e-01
   3.5600000e-01  -6.8506190e-01
   3.5700000e-01  -6.8543765e-01
   3.5800000e-01  -6.8581502e-01
   3.5900000e-01  -6.8619402e-01
   3.6000000e-01  -6.8657465e-01
   3.6100000e-01  -6.8695692e-01
   3.6200000e-01  -6.8734084e-01
   3.6300000e-01  -6.8772642e-01
   3.6400000e-01  -6.8811365e-01
   3.6500000e-01  -6.8850256e-01
   3.6600000e-01  -6.8889313e-01
   3.6700000e-01  -6.8928539e-01
   3.6800000e-01  -6.8967933e-01
   3.6900000e-01  -6.9007496e-01
   3.7000000e-01  -6.9047230e-01
   3.7100000e-01  -6.9087134e-01
   3.7200000e-01  -6.9127209e-01
   3.7300000e-01  -6.9167456e-01
   3.7400000e-01  -6.9207876e-01
   3.7500000e-01  -6.9248469e-01
   3.7600000e-01  -6.9289236e-01
   3.7700000e-01  -6.9330178e-01
   3.7800000e-01  -6.9371296e-01
   3.7900000e-01  -6.9412589e-01
   3.8000000e-01  -6.9454060e-01
   3.8100000e-01  -6.9495707e-01
   3.8200000e-01  -6.9537534e-01
   3.8300000e-01  -6.9579539e-01
   3.8400000e-01  -6.9621724e-01
   3.8500000e-01  -6.9664089e-01
   3.8600000e-01  -6.9706636e-01
   3.8700000e-01  -6.9749364e-01
   3.8800000e-01  -6.9792276e-01
   3.8900000e-01  -6.9835370e-01
   3.9000000e-01  -6.9878649e-01
   3.9100000e-01  -6.9922113e-01
   3.9200000e-01  -6.9965763e-01
   3.9300000e-01  -7.0009599e-01
   3.9400000e-01  -7.0053623e-01
   3.9500000e-01  -7.0097835e-01
   3.9600000e-01  -7.0142235e-01
   3.9700000e-01  -7.0186826e-01
   3.9800000e-01  -7.0231607e-01
   3.9900000e-01  -7.0276579e-01
   4.0000000e-01  -7.0321743e-01
   4.0100000e-01  -7.0367101e-01
   4.0200000e-01  -7.0412652e-01
   4.0300000e-01  -7.0458397e-01
   4.0400000e-01  -7.0504339e-01
   4.0500000e-01  -7.0550476e-01
   4.0600000e-01  -7.0596811e-01
   4.0700000e-01  -7.0643344e-01
   4.0800000e-01  -7.0690075e-01
   4.0900000e-01  -7.0737007e-01
   4.1000000e-01  -7.0784139e-01
   4.1100000e-01  -7.0831472e-01
   4.1200000e-01  -7.0879008e-01
   4.1300000e-01  -7.0926747e-01
   4.1400000e-01  -7.0974691e-01
   4.1500000e-01  -7.1022839e-01
   4.1600000e-01  -7.1071194e-01
   4.1700000e-01  -7.1119755e-01
   4.1800000e-01  -7.1168525e-01
   4.1900000e-01  -7.1217503e-01
   4.2000000e-01  -7.1266691e-01
   4.2100000e-01  -7.1316089e-01
   4.2200000e-01  -7.1365699e-01
   4.2300000e-01  -7.1415522e-01
   4.2400000e-01  -7.1465559e-01
   4.2500000e-01  -7.1515810e-01
   4.2600000e-01  -7.1566276e-01
   4.2700000e-01  -7.1616959e-01
   4.2800000e-01  -7.1667860e-01
   4.2900000e-01  -7.1718979e-01
   4.3000000e-01  -7.1770317e-01
   4.3100000e-01  -7.1821877e-01
   4.3200000e-01  -7.1873657e-01
   4.3300000e-01  -7.1925661e-01
   4.3400000e-01  -7.1977888e-01
   4.3500000e-01  -7.2030339e-01
   4.3600000e-01  -7.2083017e-01
   4.3700000e-01  -7.2135921e-01
   4.3800000e-01  -7.2189053e-01
   4.3900000e-01  -7.2242414e-01
   4.4000000e-01  -7.2296006e-01
   4.4100000e-01  -7.2349828e-01
   4.4200000e-01  -7.2403883e-01
   4.4300000e-01  -7.2458171e-01
   4.4400000e-01  -7.2512693e-01
   4.4500000e-01  -7.2567451e-01
   4.4600000e-01  -7.2622446e-01
   4.4700000e-01  -7.2677679e-01
   4.4800000e-01  -7.2733151e-01
   4.4900000e-01  -7.2788863e-01
   4.5000000e-01  -7.2844816e-01
   4.5100000e-01  -7.2901013e-01
   4.5200000e-01  -7.2957452e-01
   4.5300000e-01  -7.3014137e-01
   4.5400000e-01  -7.3071068e-01
   4.5500000e-01  -7.3128247e-01
   4.5600000e-01  -7.3185674e-01
   4.5700000e-01  -7.3243351e-01
   4.5800000e-01  -7.3301279e-01
   4.5900000e-01  -7.3359459e-01
   4.6000000e-01  -7.3417893e-01
   4.6100000e-01  -7.3476582e-01
   4.6200000e-01  -7.3535527e-01
   4.6300000e-01  -7.3594729e-01
   4.6400000e-01  -7.3654191e-01
   4.6500000e-01  -7.3713912e-01
   4.6600000e-01  -7.3773895e-01
   4.6700000e-01  -7.3834140e-01
   4.6800000e-01  -7.3894650e-01
   4.6900000e-01  -7.3955425e-01
   4.7000000e-01  -7.4016467e-01
   4.7100000e-01  -7.4077777e-01
   4.7200000e-01  -7.4139357e-01
   4.7300000e-01  -7.4201208e-01
   4.7400000e-01  -7.4263331e-01
   4.7500000e-01  -7.4325728e-01
   4.7600000e-01  -7.4388400e-01
   4.7700000e-01  -7.4451349e-01
   4.7800000e-01  -7.4514576e-01
   4.7900000e-01  -7.4578082e-01
   4.8000000e-01  -7.4641870e-01
   4.8100000e-01  -7.4705940e-01
   4.8200000e-01  -7.4770294e-01
   4.8300000e-01  -7.4834934e-01
   4.8400000e-01  -7.4899861e-01
   4.8500000e-01  -7.4965076e-01
   4.8600000e-01  -7.5030582e-01
   4.8700000e-01  -7.5096380e-01
   4.8800000e-01  -7.5162470e-01
   4.8900000e-01  -7.5228856e-01
   4.9000000e-01  -7.5295538e-01
   4.9100000e-01  -7.5362519e-01
   4.9200000e-01  -7.5429799e-01
   4.9300000e-01  -7.5497380e-01
   4.9400000e-01  -7.5565265e-01
   4.9500000e-01  -7.5633454e-01
   4.9600000e-01  -7.5701950e-01
   4.9700000e-01  -7.5770753e-01
   4.9800000e-01  -7.5839867e-01
   4.9900000e-01  -7.5909292e-01
   5.0000000e-01  -7.5979030e-01
   5.0100000e-01  -7.6049083e-01
   5.0200000e-01  -7.6119453e-01
   5.0300000e-01  -7.6190141e-01
   5.0400000e-01  -7.6261150e-01
   5.0500000e-01  -7.6332481e-01
   5.0600000e-01  -7.6404136e-01
   5.0700000e-01  -7.6476117e-01
   5.0800000e-01  -7.6548425e-01
   5.0900000e-01  -7.6621063e-01
   5.1000000e-01  -7.6694032e-01
   5.1100000e-01  -7.6767334e-01
   5.1200000e-01  -7.6840972e-01
   5.1300000e-01  -7.6914947e-01
   5.1400000e-01  -7.6989261e-01
   5.1500000e-01  -7.7063916e-01
   5.1600000e-01  -7.7138914e-01
   5.1700000e-01  -7.7214257e-01
   5.1800000e-01  -7.7289948e-01
   5.1900000e-01  -7.7365987e-01
   5.2000000e-01  -7.7442377e-01
   5.2100000e-01  -7.7519121e-01
   5.2200000e-01  -7.7596220e-01
   5.2300000e-01  -7.7673676e-01
   5.2400000e-01  -7.7751492e-01
   5.2500000e-01  -7.7829670e-01
   5.2600000e-01  -7.7908211e-01
   5.2700000e-01  -7.7987119e-01
   5.2800000e-01  -7.8066394e-01
   5.2900000e-01  -7.8146040e-01
   5.3000000e-01  -7.8226059e-01
   5.3100000e-01  -7.8306453e-01
   5.3200000e-01  -7.8387224e-01
   5.3300000e-01  -7.8468374e-01
   5.3400000e-01  -7.8549906e-01
   5.3500000e-01  -7.8631822e-01
   5.3600000e-01  -7.8714125e-01
   5.3700000e-01  -7.8796817e-01
   5.3800000e-01  -7.8879900e-01
   5.3900000e-01  -7.8963376e-01
   5.4000000e-01  -7.9047249e-01
   5.4100000e-01  -7.9131521e-01
   5.4200000e-01  -7.9216193e-01
   5.4300000e-01  -7.9301269e-01
   5.4400000e-01  -7.9386751e-01
   5.4500000e-01  -7.9472642e-01
   5.4600000e-01  -7.9558944e-01
   5.4700000e-01  -7.9645661e-01
   5.4800000e-01  -7.9732793e-01
   5.4900000e-01  -7.9820345e-01
   5.5000000e-01  -7.9908318e-01
   5.5100000e-01  -7.9996716e-01
   5.5200000e-01  -8.0085542e-01
   5.5300000e-01  -8.0174797e-01
   5.5400000e-01  -8.0264485e-01
   5.5500000e-01  -8.0354608e-01
   5.5600000e-01  -8.0445170e-01
   5.5700000e-01  -8.0536174e-01
   5.5800000e-01  -8.0627621e-01
   5.5900000e-01  -8.0719515e-01
   5.6000000e-01  -8.0811859e-01
   5.6100000e-01  -8.0904657e-01
   5.6200000e-01  -8.0997910e-01
   5.6300000e-01  -8.1091622e-01
   5.6400000e-01  -8.1185796e-01
   5.6500000e-01  -8.1280435e-01
   5.6600000e-01  -8.1375542e-01
   5.6700000e-01  -8.1471120e-01
   5.6800000e-01  -8.1567173e-01
   5.6900000e-01  -8.1663703e-01
   5.7000000e-01  -8.1760714e-01
   5.7100000e-01  -8.1858210e-01
   5.7200000e-01  -8.1956192e-01
   5.7300000e-01  -8.2054666e-01
   5.7400000e-01  -8.2153633e-01
   5.7500000e-01  -8.2253098e-01
   5.7600000e-01  -8.2353064e-01
   5.7700000e-01  -8.2453534e-01
   5.7800000e-01  -8.2554512e-01
   5.7900000e-01  -8.2656001e-01
   5.8000000e-01  -8.2758005e-01
   5.8100000e-01  -8.2860527e-01
   5.8200000e-01  -8.2963572e-01
   5.8300000e-01  -8.3067142e-01
   5.8400000e-01  -8.3171241e-01
   5.8500000e-01  -8.3275874e-01
   5.8600000e-01  -8.3381043e-01
   5.8700000e-01  -8.3486753e-01
   5.8800000e-01  -8.3593008e-01
   5.8900000e-01  -8.3699811e-01
   5.9000000e-01  -8.3807167e-01
   5.9100000e-01  -8.3915079e-01
   5.9200000e-01  -8.4023551e-01
   5.9300000e-01  -8.4132587e-01
   5.9400000e-01  -8.4242192e-01
   5.9500000e-01  -8.4352370e-01
   5.9600000e-01  -8.4463124e-01
   5.9700000e-01  -8.4574459e-01
   5.9800000e-01  -8.4686380e-01
   5.9900000e-01  -8.4798890e-01
   6.0000000e-01  -8.4911993e-01
   6.0100000e-01  -8.5025695e-01
   6.0200000e-01  -8.5140000e-01
   6.0300000e-01  -8.5254912e-01
   6.0400000e-01  -8.5370435e-01
   6.0500000e-01  -8.5486575e-01
   6.0600000e-01  -8.5603335e-01
   6.0700000e-01  -8.5720721e-01
   6.0800000e-01  -8.5838737e-01
   6.0900000e-01  -8.5957389e-01
   6.1000000e-01  -8.6076680e-01
   6.1100000e-01  -8.6196616e-01
   6.1200000e-01  -8.6317201e-01
   6.1300000e-01  -8.6438441e-01
   6.1400000e-01  -8.6560341e-01
   6.1500000e-01  -8.6682906e-01
   6.1600000e-01  -8.6806140e-01
   6.1700000e-01  -8.6930050e-01
   6.1800000e-01  -8.7054640e-01
   6.1900000e-01  -8.7179915e-01
   6.2000000e-01  -8.7305882e-01
   6.2100000e-01  -8.7432545e-01
   6.2200000e-01  -8.7559910e-01
   6.2300000e-01  -8.7687982e-01
   6.2400000e-01  -8.7816768e-01
   6.2500000e-01  -8.7946272e-01
   6.2600000e-01  -8.8076501e-01
   6.2700000e-01  -8.8207460e-01
   6.2800000e-01  -8.8339156e-01
   6.2900000e-01  -8.8471593e-01
   6.3000000e-01  -8.8604779e-01
   6.3100000e-01  -8.8738719e-01
   6.3200000e-01  -8.8873419e-01
   6.3300000e-01  -8.9008885e-01
   6.3400000e-01  -8.9145125e-01
   6.3500000e-01  -8.9282143e-01
   6.3600000e-01  -8.9419948e-01
   6.3700000e-01  -8.9558544e-01
   6.3800000e-01  -8.9697939e-01
   6.3900000e-01  -8.9838139e-01
   6.4000000e-01  -8.9979151e-01
   6.4100000e-01  -9.0120982e-01
   6.4200000e-01  -9.0263639e-01
   6.4300000e-01  -9.0407128e-01
   6.4400000e-01  -9.0551457e-01
   6.4500000e-01  -9.0696633e-01
   6.4600000e-01  -9.0842663e-01
   6.4700000e-01  -9.0989555e-01
   6.4800000e-01  -9.1137315e-01
   6.4900000e-01  -9.1285951e-01
   6.5000000e-01  -9.1435471e-01
   6.5100000e-01  -9.1585883e-01
   6.5200000e-01  -9.1737193e-01
   6.5300000e-01  -9.1889411e-01
   6.5400000e-01  -9.2042544e-01
   6.5500000e-01  -9.2196599e-01
   6.5600000e-01  -9.2351586e-01
   6.5700000e-01  -9.2507512e-01
   6.5800000e-01  -9.2664386e-01
   6.5900000e-01  -9.2822216e-01
   6.6000000e-01  -9.2981011e-01
   6.6100000e-01  -9.3140778e-01
   6.6200000e-01  -9.3301528e-01
   6.6300000e-01  -9.3463269e-01
   6.6400000e-01  -9.3626010e-01
   6.6500000e-01  -9.3789760e-01
   6.6600000e-01  -9.3954528e-01
   6.6700000e-01  -9.4120323e-01
   6.6800000e-01  -9.4287156e-01
   6.6900000e-01  -9.4455034e-01
   6.7000000e-01  -9.4623969e-01
   6.7100000e-01  -9.4793971e-01
   6.7200000e-01  -9.4965048e-01
   6.7300000e-01  -9.5137210e-01
   6.7400000e-01  -9.5310470e-01
   6.7500000e-01  -9.5484835e-01
   6.7600000e-01  -9.5660318e-01
   6.7700000e-01  -9.5836928e-01
   6.7800000e-01  -9.6014676e-01
   6.7900000e-01  -9.6193574e-01
   6.8000000e-01  -9.6373631e-01
   6.8100000e-01  -9.6554860e-01
   6.8200000e-01  -9.6737272e-01
   6.8300000e-01  -9.6920878e-01
   6.8400000e-01  -9.7105689e-01
   6.8500000e-01  -9.7291718e-01
   6.8600000e-01  -9.7478977e-01
   6.8700000e-01  -9.7667477e-01
   6.8800000e-01  -9.7857231e-01
   6.8900000e-01  -9.8048251e-01
   6.9000000e-01  -9.8240550e-01
   6.9100000e-01  -9.8434140e-01
   6.9200000e-01  -9.8629035e-01
   6.9300000e-01  -9.8825248e-01
   6.9400000e-01  -9.9022792e-01
   6.9500000e-01  -9.9221681e-01
   6.9600000e-01  -9.9421927e-01
   6.9700000e-01  -9.9623546e-01
   6.9800000e-01  -9.9826551e-01
   6.9900000e-01  -1.0003096e+00
   7.0000000e-01  -1.0023678e+00
   7.0100000e-01  -1.0044403e+00
   7.0200000e-01  -1.0065272e+00
   7.0300000e-01  -1.0086288e+00
   7.0400000e-01  -1.0107450e+00
   7.0500000e-01  -1.0128762e+00
   7.0600000e-01  -1.0150225e+00
   7.0700000e-01  -1.0171840e+00
   7.0800000e-01  -1.0193609e+00
   7.0900000e-01  -1.0215533e+00
   7.1000000e-01  -1.0237614e+00
   7.1100000e-01  -1.0259854e+00
   7.1200000e-01  -1.0282255e+00
   7.1300000e-01  -1.0304819e+00
   7.1400000e-01  -1.0327546e+00
   7.1500000e-01  -1.0350439e+00
   7.1600000e-01  -1.0373500e+00
   7.1700000e-01  -1.0396731e+00
   7.1800000e-01  -1.0420133e+00
   7.1900000e-01  -1.0443709e+00
   7.2000000e-01  -1.0467460e+00
   7.2100000e-01  -1.0491388e+00
   7.2200000e-01  -1.0515496e+00
   7.2300000e-01  -1.0539785e+00
   7.2400000e-01  -1.0564257e+00
   7.2500000e-01  -1.0588915e+00
   7.2600000e-01  -1.0613761e+00
   7.2700000e-01  -1.0638796e+00
   7.2800000e-01  -1.0664024e+00
   7.2900000e-01  -1.0689446e+00
   7.3000000e-01  -1.0715065e+00
   7.3100000e-01  -1.0740882e+00
   7.3200000e-01  -1.0766900e+00
   7.3300000e-01  -1.0793123e+00
   7.3400000e-01  -1.0819551e+00
   7.3500000e-01  -1.0846188e+00
   7.3600000e-01  -1.0873035e+00
   7.3700000e-01  -1.0900097e+00
   7.3800000e-01  -1.0927374e+00
   7.3900000e-01  -1.0954870e+00
   7.4000000e-01  -1.0982588e+00
   7.4100000e-01  -1.1010530e+00
   7.4200000e-01  -1.1038698e+00
   7.4300000e-01  -1.1067097e+00
   7.4400000e-01  -1.1095728e+00
   7.4500000e-01  -1.1124594e+00
   7.4600000e-01  -1.1153700e+00
   7.4700000e-01  -1.1183046e+00
   7.4800000e-01  -1.1212637e+00
   7.4900000e-01  -1.1242476e+00
   7.5000000e-01  -1.1272566e+00
   7.5100000e-01  -1.1302910e+00
   7.5200000e-01  -1.1333511e+00
   7.5300000e-01  -1.1364372e+00
   7.5400000e-01  -1.1395498e+00
   7.5500000e-01  -1.1426892e+00
   7.5600000e-01  -1.1458557e+00
   7.5700000e-01  -1.1490496e+00
   7.5800000e-01  -1.1522714e+00
   7.5900000e-01  -1.1555213e+00
   7.6000000e-01  -1.1587999e+00
   7.6100000e-01  -1.1621075e+00
   7.6200000e-01  -1.1654444e+00
   7.6300000e-01  -1.1688110e+00
   7.6400000e-01  -1.1722079e+00
   7.6500000e-01  -1.1756353e+00
   7.6600000e-01  -1.1790938e+00
   7.6700000e-01  -1.1825837e+00
   7.6800000e-01  -1.1861055e+00
   7.6900000e-01  -1.1896596e+00
   7.7000000e-01  -1.1932466e+00
   7.7100000e-01  -1.1968668e+00
   7.7200000e-01  -1.2005207e+00
   7.7300000e-01  -1.2042088e+00
   7.7400000e-01  -1.2079317e+00
   7.7500000e-01  -1.2116898e+00
   7.7600000e-01  -1.2154836e+00
   7.7700000e-01  -1.2193137e+00
   7.7800000e-01  -1.2231805e+00
   7.7900000e-01  -1.2270847e+00
   7.8000000e-01  -1.2310268e+00
   7.8100000e-01  -1.2350074e+00
   7.8200000e-01  -1.2390270e+00
   7.8300000e-01  -1.2430862e+00
   7.8400000e-01  -1.2471857e+00
   7.8500000e-01  -1.2513260e+00
   7.8600000e-01  -1.2555078e+00
   7.8700000e-01  -1.2597318e+00
   7.8800000e-01  -1.2639985e+00
   7.8900000e-01  -1.2683087e+00
   7.9000000e-01  -1.2726630e+00
   7.9100000e-01  -1.2770622e+00
   7.9200000e-01  -1.2815069e+00
   7.9300000e-01  -1.2859979e+00
   7.9400000e-01  -1.2905359e+00
   7.9500000e-01  -1.2951218e+00
   7.9600000e-01  -1.2997562e+00
   7.9700000e-01  -1.3044400e+00
   7.9800000e-01  -1.3091740e+00
   7.9900000e-01  -1.3139590e+00
   8.0000000e-01  -1.3187959e+00
   8.0100000e-01  -1.3236855e+00
   8.0200000e-01  -1.3286288e+00
   8.0300000e-01  -1.3336267e+00
   8.0400000e-01  -1.3386801e+00
   8.0500000e-01  -1.3437899e+00
   8.0600000e-01  -1.3489571e+00
   8.0700000e-01  -1.3541828e+00
   8.0800000e-01  -1.3594679e+00
   8.0900000e-01  -1.3648136e+00
   8.1000000e-01  -1.3702208e+00
   8.1100000e-01  -1.3756908e+00
   8.1200000e-01  -1.3812245e+00
   8.1300000e-01  -1.3868233e+00
   8.1400000e-01  -1.3924882e+00
   8.1500000e-01  -1.3982205e+00
   8.1600000e-01  -1.4040215e+00
   8.1700000e-01  -1.4098923e+00
   8.1800000e-01  -1.4158344e+00
   8.1900000e-01  -1.4218491e+00
   8.2000000e-01  -1.4279377e+00
   8.2100000e-01  -1.4341017e+00
   8.2200000e-01  -1.4403426e+00
   8.2300000e-01  -1.4466617e+00
   8.2400000e-01  -1.4530607e+00
   8.2500000e-01  -1.4595411e+00
   8.2600000e-01  -1.4661045e+00
   8.2700000e-01  -1.4727527e+00
   8.2800000e-01  -1.4794872e+00
   8.2900000e-01  -1.4863099e+00
   8.3000000e-01  -1.4932226e+00
   8.3100000e-01  -1.5002270e+00
   8.3200000e-01  -1.5073252e+00
   8.3300000e-01  -1.5145190e+00
   8.3400000e-01  -1.5218104e+00
   8.3500000e-01  -1.5292017e+00
   8.3600000e-01  -1.5366947e+00
   8.3700000e-01  -1.5442919e+00
   8.3800000e-01  -1.5519954e+00
   8.3900000e-01  -1.5598075e+00
   8.4000000e-01  -1.5677306e+00
   8.4100000e-01  -1.5757673e+00
   8.4200000e-01  -1.5839200e+00
   8.4300000e-01  -1.5921914e+00
   8.4400000e-01  -1.6005841e+00
   8.4500000e-01  -1.6091009e+00
   8.4600000e-01  -1.6177448e+00
   8.4700000e-01  -1.6265186e+00
   8.4800000e-01  -1.6354255e+00
   8.4900000e-01  -1.6444685e+00
   8.5000000e-01  -1.6536510e+00
   8.5100000e-01  -1.6629763e+00
   8.5200000e-01  -1.6724478e+00
   8.5300000e-01  -1.6820692e+00
   8.5400000e-01  -1.6918442e+00
   8.5500000e-01  -1.7017765e+00
   8.5600000e-01  -1.7118703e+00
   8.5700000e-01  -1.7221295e+00
   8.5800000e-01  -1.7325584e+00
   8.5900000e-01  -1.7431614e+00
   8.6000000e-01  -1.7539430e+00
   8.6100000e-01  -1.7649080e+00
   8.6200000e-01  -1.7760613e+00
   8.6300000e-01  -1.7874078e+00
   8.6400000e-01  -1.7989529e+00
   8.6500000e-01  -1.8107020e+00
   8.6600000e-01  -1.8226607e+00
   8.6700000e-01  -1.8348348e+00
   8.6800000e-01  -1.8472306e+00
   8.6900000e-01  -1.8598541e+00
   8.7000000e-01  -1.8727122e+00
   8.7100000e-01  -1.8858114e+00
   8.7200000e-01  -1.8991590e+00
   8.7300000e-01  -1.9127623e+00
   8.7400000e-01  -1.9266290e+00
   8.7500000e-01  -1.9407671e+00
   8.7600000e-01  -1.9551848e+00
   8.7700000e-01  -1.9698909e+00
   8.7800000e-01  -1.9848943e+00
   8.7900000e-01  -2.0002046e+00
   8.8000000e-01  -2.0158315e+00
   8.8100000e-01  -2.0317853e+00
   8.8200000e-01  -2.0480766e+00
   8.8300000e-01  -2.0647168e+00
   8.8400000e-01  -2.0817175e+00
   8.8500000e-01  -2.0990909e+00
   8.8600000e-01  -2.1168498e+00
   8.8700000e-01  -2.1350077e+00
   8.8800000e-01  -2.1535785e+00
   8.8900000e-01  -2.1725771e+00
   8.9000000e-01  -2.1920187e+00
   8.9100000e-01  -2.2119197e+00
   8.9200000e-01  -2.2322971e+00
   8.9300000e-01  -2.2531687e+00
   8.9400000e-01  -2.2745532e+00
   8.9500000e-01  -2.2964705e+00
   8.9600000e-01  -2.3189413e+00
   8.9700000e-01  -2.3419876e+00
   8.9800000e-01  -2.3656325e+00
   8.9900000e-01  -2.3899002e+00
   9.0000000e-01  -2.4148167e+00
   9.0100000e-01  -2.4404089e+00
   9.0200000e-01  -2.4667057e+00
   9.0300000e-01  -2.4937374e+00
   9.0400000e-01  -2.5215363e+00
   9.0500000e-01  -2.5501365e+00
   9.0600000e-01  -2.5795741e+00
   9.0700000e-01  -2.6098876e+00
   9.0800000e-01  -2.6411180e+00
   9.0900000e-01  -2.6733085e+00
   9.1000000e-01  -2.7065056e+00
   9.1100000e-01  -2.7407586e+00
   9.1200000e-01  -2.7761201e+00
   9.1300000e-01  -2.8126464e+00
   9.1400000e-01  -2.8503975e+00
   9.1500000e-01  -2.8894381e+00
   9.1600000e-01  -2.9298370e+00
   9.1700000e-01  -2.9716684e+00
   9.1800000e-01  -3.0150119e+00
   9.1900000e-01  -3.0599534e+00
   9.2000000e-01  -3.1065852e+00
   9.2100000e-01  -3.1550069e+00
   9.2200000e-01  -3.2053265e+00
   9.2300000e-01  -3.2576606e+00
   9.2400000e-01  -3.3121357e+00
   9.2500000e-01  -3.3688893e+00
   9.2600000e-01  -3.4280710e+00
   9.2700000e-01  -3.4898439e+00
   9.2800000e-01  -3.5543859e+00
   9.2900000e-01  -3.6218921e+00
   9.3000000e-01  -3.6925763e+00
   9.3100000e-01  -3.7666734e+00
   9.3200000e-01  -3.8444424e+00
   9.3300000e-01  -3.9261692e+00
   9.3400000e-01  -4.0121704e+00
   9.3500000e-01  -4.1027977e+00
   9.3600000e-01  -4.1984424e+00
   9.3700000e-01  -4.2995416e+00
   9.3800000e-01  -4.4065850e+00
   9.3900000e-01  -4.5201232e+00
   9.4000000e-01  -4.6407769e+00
   9.4100000e-01  -4.7692494e+00
   9.4200000e-01  -4.9063399e+00
   9.4300000e-01  -5.0529610e+00
   9.4400000e-01  -5.2101596e+00
   9.4500000e-01  -5.3791421e+00
   9.4600000e-01  -5.5613068e+00
   9.4700000e-01  -5.7582827e+00
   9.4800000e-01  -5.9719800e+00
   9.4900000e-01  -6.2046532e+00
   9.5000000e-01  -6.4589827e+00
   9.5100000e-01  -6.7381797e+00
   9.5200000e-01  -7.0461256e+00
   9.5300000e-01  -7.3875557e+00
   9.5400000e-01  -7.7683084e+00
   9.5500000e-01  -8.1956663e+00
   9.5600000e-01  -8.6788321e+00
   9.5700000e-01  -9.2296070e+00
   9.5800000e-01  -9.8633772e+00
   9.5900000e-01  -1.0600588e+01
   9.6000000e-01  -1.1469011e+01
   9.6100000e-01  -1.2507345e+01
   9.6200000e-01  -1.3771186e+01
   9.6300000e-01  -1.5343373e+01
   9.6400000e-01  -1.7353011e+01