   0.0000000e+00  -1.5201500e+00
   1.0000000e-03  -1.5201513e+00
   2.0000000e-03  -1.5201554e+00
   3.0000000e-03  -1.5201620e+00
   4.0000000e-03  -1.5201714e+00
   5.0000000e-03  -1.5201834e+00
   6.0000000e-03  -1.5201982e+00
   7.0000000e-03  -1.5202156e+00
   8.0000000e-03  -1.5202356e+00
   9.0000000e-03  -1.5202584e+00
   1.0000000e-02  -1.5202838e+00
   1.1000000e-02  -1.5203119e+00
   1.2000000e-02  -1.5203427e+00
   1.3000000e-02  -1.5203761e+00
   1.4000000e-02  -1.5204123e+00
   1.5000000e-02  -1.5204511e+00
   1.6000000e-02  -1.5204926e+00
   1.7000000e-02  -1.5205367e+00
   1.8000000e-02  -1.5205836e+00
   1.9000000e-02  -1.5206331e+00
   2.0000000e-02  -1.5206854e+00
   2.1000000e-02  -1.5207403e+00
   2.2000000e-02  -1.5207978e+00
   2.3000000e-02  -1.5208581e+00
   2.4000000e-02  -1.5209211e+00
   2.5000000e-02  -1.5209867e+00
   2.6000000e-02  -1.5210550e+00
   2.7000000e-02  -1.5211261e+00
   2.8000000e-02  -1.5211998e+00
   2.9000000e-02  -1.5212762e+00
   3.0000000e-02  -1.5213552e+00
   3.1000000e-02  -1.5214370e+00
   3.2000000e-02  -1.5215215e+00
   3.3000000e-02  -1.5216086e+00
   3.4000000e-02  -1.5216985e+00
   3.5000000e-02  -1.5217911e+00
   3.6000000e-02  -1.5218863e+00
   3.7000000e-02  -1.5219843e+00
   3.8000000e-02  -1.5220849e+00
   3.9000000e-02  -1.5221883e+00
   4.0000000e-02  -1.5222943e+00
   4.1000000e-02  -1.5224031e+00
   4.2000000e-02  -1.5225146e+00
   4.3000000e-02  -1.5226288e+00
   4.4000000e-02  -1.5227456e+00
   4.5000000e-02  -1.5228652e+00
   4.6000000e-02  -1.5229875e+00
   4.7000000e-02  -1.5231126e+00
   4.8000000e-02  -1.5232403e+00
   4.9000000e-02  -1.5233708e+00
   5.0000000e-02  -1.5235039e+00
   5.1000000e-02  -1.5236398e+00
   5.2000000e-02  -1.5237785e+00
   5.3000000e-02  -1.5239198e+00
   5.4000000e-02  -1.5240639e+00
   5.5000000e-02  -1.5242107e+00
   5.6000000e-02  -1.5243602e+00
   5.7000000e-02  -1.5245125e+00
   5.8000000e-02  -1.5246675e+00
   5.9000000e-02  -1.5248252e+00
   6.0000000e-02  -1.5249857e+00
   6.1000000e-02  -1.5251489e+00
   6.2000000e-02  -1.5253149e+00
   6.3000000e-02  -1.5254836e+00
   6.4000000e-02  -1.5256551e+00
   6.5000000e-02  -1.5258293e+00
   6.6000000e-02  -1.5260062e+00
   6.7000000e-02  -1.5261860e+00
   6.8000000e-02  -1.5263684e+00
   6.9000000e-02  -1.5265537e+00
   7.0000000e-02  -1.5267417e+00
   7.1000000e-02  -1.5269324e+00
   7.2000000e-02  -1.5271260e+00
   7.3000000e-02  -1.5273223e+00
   7.4000000e-02  -1.5275214e+00
   7.5000000e-02  -1.5277232e+00
   7.6000000e-02  -1.5279279e+00
   7.7000000e-02  -1.5281353e+00
   7.8000000e-02  -1.5283455e+00
   7.9000000e-02  -1.5285585e+00
   8.0000000e-02  -1.5287742e+00
   8.1000000e-02  -1.5289928e+00
   8.2000000e-02  -1.5292142e+00
   8.3000000e-02  -1.5294384e+00
   8.4000000e-02  -1.5296653e+00
   8.5000000e-02  -1.5298951e+00
   8.6000000e-02  -1.5301277e+00
   8.7000000e-02  -1.5303631e+00
   8.8000000e-02  -1.5306013e+00
   8.9000000e-02  -1.5308424e+00
   9.0000000e-02  -1.5310862e+00
   9.1000000e-02  -1.5313329e+00
   9.2000000e-02  -1.5315824e+00
   9.3000000e-02  -1.5318348e+00
   9.4000000e-02  -1.5320900e+00
   9.5000000e-02  -1.5323480e+00
   9.6000000e-02  -1.5326089e+00
   9.7000000e-02  -1.5328726e+00
   9.8000000e-02  -1.5331392e+00
   9.9000000e-02  -1.5334086e+00
   1.0000000e-01  -1.5336809e+00
   1.0100000e-01  -1.5339560e+00
   1.0200000e-01  -1.5342340e+00
   1.0300000e-01  -1.5345149e+00
   1.0400000e-01  -1.5347987e+00
   1.0500000e-01  -1.5350853e+00
   1.0600000e-01  -1.5353748e+00
   1.0700000e-01  -1.5356672e+00
   1.0800000e-01  -1.5359625e+00
   1.0900000e-01  -1.5362607e+00
   1.1000000e-01  -1.5365618e+00
   1.1100000e-01  -1.5368658e+00
   1.1200000e-01  -1.5371727e+00
   1.1300000e-01  -1.5374825e+00
   1.1400000e-01  -1.5377952e+00
   1.1500000e-01  -1.5381109e+00
   1.1600000e-01  -1.5384295e+00
   1.1700000e-01  -1.5387510e+00
   1.1800000e-01  -1.5390754e+00
   1.1900000e-01  -1.5394028e+00
   1.2000000e-01  -1.5397331e+00
   1.2100000e-01  -1.5400664e+00
   1.2200000e-01  -1.5404026e+00
   1.2300000e-01  -1.5407418e+00
   1.2400000e-01  -1.5410839e+00
   1.2500000e-01  -1.5414290e+00
   1.2600000e-01  -1.5417771e+00
   1.2700000e-01  -1.5421281e+00
   1.2800000e-01  -1.5424822e+00
   1.2900000e-01  -1.5428392e+00
   1.3000000e-01  -1.5431992e+00
   1.3100000e-01  -1.5435623e+00
   1.3200000e-01  -1.5439283e+00
   1.3300000e-01  -1.5442973e+00
   1.3400000e-01  -1.5446694e+00
   1.3500000e-01  -1.5450444e+00
   1.3600000e-01  -1.5454225e+00
   1.3700000e-01  -1.5458036e+00
   1.3800000e-01  -1.5461878e+00
   1.3900000e-01  -1.5465750e+00
   1.4000000e-01  -1.5469652e+00
   1.4100000e-01  -1.5473585e+00
   1.4200000e-01  -1.5477549e+00
   1.4300000e-01  -1.5481543e+00
   1.4400000e-01  -1.5485568e+00
   1.4500000e-01  -1.5489624e+00
   1.4600000e-01  -1.5493710e+00
   1.4700000e-01  -1.5497828e+00
   1.4800000e-01  -1.5501976e+00
   1.4900000e-01  -1.5506155e+00
   1.5000000e-01  -1.5510366e+00
   1.5100000e-01  -1.5514607e+00
   1.5200000e-01  -1.5518880e+00
   1.5300000e-01  -1.5523184e+00
   1.5400000e-01  -1.5527519e+00
   1.5500000e-01  -1.5531886e+00
   1.5600000e-01  -1.5536284e+00
   1.5700000e-01  -1.5540713e+00
   1.5800000e-01  -1.5545174e+00
   1.5900000e-01  -1.5549667e+00
   1.6000000e-01  -1.5554192e+00
   1.6100000e-01  -1.5558748e+00
   1.6200000e-01  -1.5563336e+00
   1.6300000e-01  -1.5567956e+00
   1.6400000e-01  -1.5572608e+00
   1.6500000e-01  -1.5577292e+00
   1.6600000e-01  -1.5582008e+00
   1.6700000e-01  -1.5586757e+00
   1.6800000e-01  -1.5591537e+00
   1.6900000e-01  -1.5596350e+00
   1.7000000e-01  -1.5601195e+00
   1.7100000e-01  -1.5606073e+00
   1.7200000e-01  -1.5610984e+00
   1.7300000e-01  -1.5615927e+00
   1.7400000e-01  -1.5620902e+00
   1.7500000e-01  -1.5625911e+00
   1.7600000e-01  -1.5630952e+00
   1.7700000e-01  -1.5636027e+00
   1.7800000e-01  -1.5641134e+00
   1.7900000e-01  -1.5646274e+00
   1.8000000e-01  -1.5651448e+00
   1.8100000e-01  -1.5656654e+00
   1.8200000e-01  -1.5661895e+00
   1.8300000e-01  -1.5667168e+00
   1.8400000e-01  -1.5672475e+00
   1.8500000e-01  -1.5677816e+00
   1.8600000e-01  -1.5683190e+00
   1.8700000e-01  -1.5688598e+00
   1.8800000e-01  -1.5694039e+00
   1.8900000e-01  -1.5699515e+00
   1.9000000e-01  -1.5705025e+00
   1.9100000e-01  -1.5710568e+00
   1.9200000e-01  -1.5716146e+00
   1.9300000e-01  -1.5721758e+00
   1.9400000e-01  -1.5727404e+00
   1.9500000e-01  -1.5733085e+00
   1.9600000e-01  -1.5738801e+00
   1.9700000e-01  -1.5744550e+00
   1.9800000e-01  -1.5750335e+00
   1.9900000e-01  -1.5756154e+00
   2.0000000e-01  -1.5762009e+00
   2.0100000e-01  -1.5767898e+00
   2.0200000e-01  -1.5773822e+00
   2.0300000e-01  -1.5779781e+00
   2.0400000e-01  -1.5785776e+00
   2.0500000e-01  -1.5791806e+00
   2.0600000e-01  -1.5797871e+00
   2.0700000e-01  -1.5803972e+00
   2.0800000e-01  -1.5810109e+00
   2.0900000e-01  -1.5816281e+00
   2.1000000e-01  -1.5822489e+00
   2.1100000e-01  -1.5828733e+00
   2.1200000e-01  -1.5835013e+00
   2.1300000e-01  -1.5841329e+00
   2.1400000e-01  -1.5847681e+00
   2.1500000e-01  -1.5854070e+00
   2.1600000e-01  -1.5860495e+00
   2.1700000e-01  -1.5866956e+00
   2.1800000e-01  -1.5873455e+00
   2.1900000e-01  -1.5879990e+00
   2.2000000e-01  -1.5886561e+00
   2.2100000e-01  -1.5893170e+00
   2.2200000e-01  -1.5899816e+00
   2.2300000e-01  -1.5906499e+00
   2.2400000e-01  -1.5913219e+00
   2.2500000e-01  -1.5919976e+00
   2.2600000e-01  -1.5926772e+00
   2.2700000e-01  -1.5933604e+00
   2.2800000e-01  -1.5940475e+00
   2.2900000e-01  -1.5947383e+00
   2.3000000e-01  -1.5954329e+00
   2.3100000e-01  -1.5961313e+00
   2.3200000e-01  -1.5968336e+00
   2.3300000e-01  -1.5975396e+00
   2.3400000e-01  -1.5982495e+00
   2.3500000e-01  -1.5989633e+00
   2.3600000e-01  -1.5996809e+00
   2.3700000e-01  -1.6004024e+00
   2.3800000e-01  -1.6011278e+00
   2.3900000e-01  -1.6018571e+00
   2.4000000e-01  -1.6025903e+00
   2.4100000e-01  -1.6033274e+00
   2.4200000e-01  -1.6040685e+00
   2.4300000e-01  -1.6048135e+00
   2.4400000e-01  -1.6055625e+00
   2.4500000e-01  -1.6063154e+00
   2.4600000e-01  -1.6070724e+00
   2.4700000e-01  -1.6078333e+00
   2.4800000e-01  -1.6085983e+00
   2.4900000e-01  -1.6093673e+00
   2.5000000e-01  -1.6101403e+00
   2.5100000e-01  -1.6109173e+00
   2.5200000e-01  -1.6116985e+00
   2.5300000e-01  -1.6124837e+00
   2.5400000e-01  -1.6132730e+00
   2.5500000e-01  -1.6140664e+00
   2.5600000e-01  -1.6148640e+00
   2.5700000e-01  -1.6156656e+00
   2.5800000e-01  -1.6164715e+00
   2.5900000e-01  -1.6172815e+00
   2.6000000e-01  -1.6180956e+00
   2.6100000e-01  -1.6189140e+00
   2.6200000e-01  -1.6197365e+00
   2.6300000e-01  -1.6205633e+00
   2.6400000e-01  -1.6213943e+00
   2.6500000e-01  -1.6222296e+00
   2.6600000e-01  -1.6230691e+00
   2.6700000e-01  -1.6239129e+00
   2.6800000e-01  -1.6247610e+00
   2.6900000e-01  -1.6256134e+00
   2.7000000e-01  -1.6264701e+00
   2.7100000e-01  -1.6273312e+00
   2.7200000e-01  -1.6281966e+00
   2.7300000e-01  -1.6290664e+00
   2.7400000e-01  -1.6299405e+00
   2.7500000e-01  -1.6308191e+00
   2.7600000e-01  -1.6317021e+00
   2.7700000e-01  -1.6325895e+00
   2.7800000e-01  -1.6334814e+00
   2.7900000e-01  -1.6343777e+00
   2.8000000e-01  -1.6352785e+00
   2.8100000e-01  -1.6361838e+00
   2.8200000e-01  -1.6370936e+00
   2.8300000e-01  -1.6380080e+00
   2.8400000e-01  -1.6389269e+00
   2.8500000e-01  -1.6398504e+00
   2.8600000e-01  -1.6407784e+00
   2.8700000e-01  -1.6417110e+00
   2.8800000e-01  -1.6426483e+00
   2.8900000e-01  -1.6435902e+00
   2.9000000e-01  -1.6445367e+00
   2.9100000e-01  -1.6454879e+00
   2.9200000e-01  -1.6464438e+00
   2.9300000e-01  -1.6474044e+00
   2.9400000e-01  -1.6483697e+00
   2.9500000e-01  -1.6493398e+00
   2.9600000e-01  -1.6503146e+00
   2.9700000e-01  -1.6512942e+00
   2.9800000e-01  -1.6522785e+00
   2.9900000e-01  -1.6532677e+00
   3.0000000e-01  -1.6542618e+00
   3.0100000e-01  -1.6552606e+00
   3.0200000e-01  -1.6562644e+00
   3.0300000e-01  -1.6572730e+00
   3.0400000e-01  -1.6582866e+00
   3.0500000e-01  -1.6593050e+00
   3.0600000e-01  -1.6603284e+00
   3.0700000e-01  -1.6613568e+00
   3.0800000e-01  -1.6623902e+00
   3.0900000e-01  -1.6634286e+00
   3.1000000e-01  -1.6644720e+00
   3.1100000e-01  -1.6655204e+00
   3.1200000e-01  -1.6665739e+00
   3.1300000e-01  -1.6676325e+00
   3.1400000e-01  -1.6686962e+00
   3.1500000e-01  -1.6697651e+00
   3.1600000e-01  -1.6708391e+00
   3.1700000e-01  -1.6719182e+00
   3.1800000e-01  -1.6730026e+00
   3.1900000e-01  -1.6740922e+00
   3.2000000e-01  -1.6751870e+00
   3.2100000e-01  -1.6762871e+00
   3.2200000e-01  -1.6773924e+00
   3.2300000e-01  -1.6785031e+00
   3.2400000e-01  -1.6796191e+00
   3.2500000e-01  -1.6807404e+00
   3.2600000e-01  -1.6818671e+00
   3.2700000e-01  -1.6829992e+00
   3.2800000e-01  -1.6841367e+00
   3.2900000e-01  -1.6852796e+00
   3.3000000e-01  -1.6864280e+00
   3.3100000e-01  -1.6875819e+00
   3.3200000e-01  -1.6887413e+00
   3.3300000e-01  -1.6899063e+00
   3.3400000e-01  -1.6910768e+00
   3.3500000e-01  -1.6922528e+00
   3.3600000e-01  -1.6934345e+00
   3.3700000e-01  -1.6946218e+00
   3.3800000e-01  -1.6958148e+00
   3.3900000e-01  -1.6970135e+00
   3.4000000e-01  -1.6982178e+00
   3.4100000e-01  -1.6994279e+00
   3.4200000e-01  -1.7006438e+00
   3.4300000e-01  -1.7018654e+00
   3.4400000e-01  -1.7030928e+00
   3.4500000e-01  -1.7043261e+00
   3.4600000e-01  -1.7055652e+00
   3.4700000e-01  -1.7068102e+00
   3.4800000e-01  -1.7080612e+00
   3.4900000e-01  -1.7093180e+00
   3.5000000e-01  -1.7105809e+00
   3.5100000e-01  -1.7118497e+00
   3.5200000e-01  -1.7131246e+00
   3.5300000e-01  -1.7144055e+00
   3.5400000e-01  -1.7156925e+00
   3.5500000e-01  -1.7169856e+00
   3.5600000e-01  -1.7182848e+00
   3.5700000e-01  -1.7195902e+00
   3.5800000e-01  -1.7209018e+00
   3.5900000e-01  -1.7222196e+00
   3.6000000e-01  -1.7235436e+00
   3.6100000e-01  -1.7248739e+00
   3.6200000e-01  -1.7262106e+00
   3.6300000e-01  -1.7275536e+00
   3.6400000e-01  -1.7289029e+00
   3.6500000e-01  -1.7302587e+00
   3.6600000e-01  -1.7316208e+00
   3.6700000e-01  -1.7329895e+00
   3.6800000e-01  -1.7343646e+00
   3.6900000e-01  -1.7357463e+00
   3.7000000e-01  -1.7371345e+00
   3.7100000e-01  -1.7385293e+00
   3.7200000e-01  -1.7399307e+00
   3.7300000e-01  -1.7413388e+00
   3.7400000e-01  -1.7427535e+00
   3.7500000e-01  -1.7441750e+00
   3.7600000e-01  -1.7456032e+00
   3.7700000e-01  -1.7470382e+00
   3.7800000e-01  -1.7484800e+00
   3.7900000e-01  -1.7499287e+00
   3.8000000e-01  -1.7513842e+00
   3.8100000e-01  -1.7528467e+00
   3.8200000e-01  -1.7543161e+00
   3.8300000e-01  -1.7557925e+00
   3.8400000e-01  -1.7572760e+00
   3.8500000e-01  -1.7587664e+00
   3.8600000e-01  -1.7602640e+00
   3.8700000e-01  -1.7617687e+00
   3.8800000e-01  -1.7632806e+00
   3.8900000e-01  -1.7647997e+00
   3.9000000e-01  -1.7663260e+00
   3.9100000e-01  -1.7678596e+00
   3.9200000e-01  -1.7694005e+00
   3.9300000e-01  -1.7709488e+00
   3.9400000e-01  -1.7725045e+00
   3.9500000e-01  -1.7740675e+00
   3.9600000e-01  -1.7756381e+00
   3.9700000e-01  -1.7772162e+00
   3.9800000e-01  -1.7788018e+00
   3.9900000e-01  -1.7803950e+00
   4.0000000e-01  -1.7819958e+00
   4.0100000e-01  -1.7836043e+00
   4.0200000e-01  -1.7852204e+00
   4.0300000e-01  -1.7868444e+00
   4.0400000e-01  -1.7884761e+00
   4.0500000e-01  -1.7901157e+00
   4.0600000e-01  -1.7917631e+00
   4.0700000e-01  -1.7934184e+00
   4.0800000e-01  -1.7950817e+00
   4.0900000e-01  -1.7967530e+00
   4.1000000e-01  -1.7984324e+00
   4.1100000e-01  -1.8001198e+00
   4.1200000e-01  -1.8018153e+00
   4.1300000e-01  -1.8035191e+00
   4.1400000e-01  -1.8052310e+00
   4.1500000e-01  -1.8069513e+00
   4.1600000e-01  -1.8086798e+00
   4.1700000e-01  -1.8104167e+00
   4.1800000e-01  -1.8121620e+00
   4.1900000e-01  -1.8139157e+00
   4.2000000e-01  -1.8156779e+00
   4.2100000e-01  -1.8174487e+00
   4.2200000e-01  -1.8192281e+00
   4.2300000e-01  -1.8210161e+00
   4.2400000e-01  -1.8228128e+00
   4.2500000e-01  -1.8246182e+00
   4.2600000e-01  -1.8264325e+00
   4.2700000e-01  -1.8282555e+00
   4.2800000e-01  -1.8300875e+00
   4.2900000e-01  -1.8319284e+00
   4.3000000e-01  -1.8337782e+00
   4.3100000e-01  -1.8356372e+00
   4.3200000e-01  -1.8375052e+00
   4.3300000e-01  -1.8393823e+00
   4.3400000e-01  -1.8412687e+00
   4.3500000e-01  -1.8431643e+00
   4.3600000e-01  -1.8450692e+00
   4.3700000e-01  -1.8469835e+00
   4.3800000e-01  -1.8489072e+00
   4.3900000e-01  -1.8508404e+00
   4.4000000e-01  -1.8527830e+00
   4.4100000e-01  -1.8547353e+00
   4.4200000e-01  -1.8566972e+00
   4.4300000e-01  -1.8586688e+00
   4.4400000e-01  -1.8606502e+00
   4.4500000e-01  -1.8626414e+00
   4.4600000e-01  -1.8646424e+00
   4.4700000e-01  -1.8666534e+00
   4.4800000e-01  -1.8686744e+00
   4.4900000e-01  -1.8707054e+00
   4.5000000e-01  -1.8727465e+00
   4.5100000e-01  -1.8747978e+00
   4.5200000e-01  -1.8768594e+00
   4.5300000e-01  -1.8789312e+00
   4.5400000e-01  -1.8810134e+00
   4.5500000e-01  -1.8831060e+00
   4.5600000e-01  -1.8852092e+00
   4.5700000e-01  -1.8873228e+00
   4.5800000e-01  -1.8894471e+00
   4.5900000e-01  -1.8915821e+00
   4.6000000e-01  -1.8937278e+00
   4.6100000e-01  -1.8958843e+00
   4.6200000e-01  -1.8980518e+00
   4.6300000e-01  -1.9002301e+00
   4.6400000e-01  -1.9024195e+00
   4.6500000e-01  -1.9046200e+00
   4.6600000e-01  -1.9068317e+00
   4.6700000e-01  -1.9090546e+00
   4.6800000e-01  -1.9112888e+00
   4.6900000e-01  -1.9135344e+00
   4.7000000e-01  -1.9157914e+00
   4.7100000e-01  -1.9180600e+00
   4.7200000e-01  -1.9203401e+00
   4.7300000e-01  -1.9226319e+00
   4.7400000e-01  -1.9249355e+00
   4.7500000e-01  -1.9272509e+00
   4.7600000e-01  -1.9295782e+00
   4.7700000e-01  -1.9319175e+00
   4.7800000e-01  -1.9342689e+00
   4.7900000e-01  -1.9366324e+00
   4.8000000e-01  -1.9390081e+00
   4.8100000e-01  -1.9413961e+00
   4.8200000e-01  -1.9437964e+00
   4.8300000e-01  -1.9462093e+00
   4.8400000e-01  -1.9486347e+00
   4.8500000e-01  -1.9510727e+00
   4.8600000e-01  -1.9535234e+00
   4.8700000e-01  -1.9559870e+00
   4.8800000e-01  -1.9584634e+00
   4.8900000e-01  -1.9609528e+00
   4.9000000e-01  -1.9634553e+00
   4.9100000e-01  -1.9659709e+00
   4.9200000e-01  -1.9684997e+00
   4.9300000e-01  -1.9710419e+00
   4.9400000e-01  -1.9735975e+00
   4.9500000e-01  -1.9761667e+00
   4.9600000e-01  -1.9787494e+00
   4.9700000e-01  -1.9813458e+00
   4.9800000e-01  -1.9839561e+00
   4.9900000e-01  -1.9865802e+00
   5.0000000e-01  -1.9892183e+00
   5.0100000e-01  -1.9918705e+00
   5.0200000e-01  -1.9945369e+00
   5.0300000e-01  -1.9972176e+00
   5.0400000e-01  -1.9999126e+00
   5.0500000e-01  -2.0026222e+00
   5.0600000e-01  -2.0053463e+00
   5.0700000e-01  -2.0080852e+00
   5.0800000e-01  -2.0108388e+00
   5.0900000e-01  -2.0136074e+00
   5.1000000e-01  -2.0163910e+00
   5.1100000e-01  -2.0191897e+00
   5.1200000e-01  -2.0220036e+00
   5.1300000e-01  -2.0248329e+00
   5.1400000e-01  -2.0276776e+00
   5.1500000e-01  -2.0305379e+00
   5.1600000e-01  -2.0334139e+00
   5.1700000e-01  -2.0363056e+00
   5.1800000e-01  -2.0392133e+00
   5.1900000e-01  -2.0421370e+00
   5.2000000e-01  -2.0450769e+00
   5.2100000e-01  -2.0480330e+00
   5.2200000e-01  -2.0510056e+00
   5.2300000e-01  -2.0539946e+00
   5.2400000e-01  -2.0570003e+00
   5.2500000e-01  -2.0600227e+00
   5.2600000e-01  -2.0630621e+00
   5.2700000e-01  -2.0661184e+00
   5.2800000e-01  -2.0691919e+00
   5.2900000e-01  -2.0722827e+00
   5.3000000e-01  -2.0753908e+00
   5.3100000e-01  -2.0785165e+00
   5.3200000e-01  -2.0816599e+00
   5.3300000e-01  -2.0848211e+00
   5.3400000e-01  -2.0880003e+00
   5.3500000e-01  -2.0911975e+00
   5.3600000e-01  -2.0944130e+00
   5.3700000e-01  -2.0976468e+00
   5.3800000e-01  -2.1008992e+00
   5.3900000e-01  -2.1041702e+00
   5.4000000e-01  -2.1074600e+00
   5.4100000e-01  -2.1107688e+00
   5.4200000e-01  -2.1140967e+00
   5.4300000e-01  -2.1174438e+00
   5.4400000e-01  -2.1208103e+00
   5.4500000e-01  -2.1241964e+00
   5.4600000e-01  -2.1276023e+00
   5.4700000e-01  -2.1310280e+00
   5.4800000e-01  -2.1344737e+00
   5.4900000e-01  -2.1379397e+00
   5.5000000e-01  -2.1414260e+00
   5.5100000e-01  -2.1449329e+00
   5.5200000e-01  -2.1484604e+00
   5.5300000e-01  -2.1520089e+00
   5.5400000e-01  -2.1555783e+00
   5.5500000e-01  -2.1591690e+00
   5.5600000e-01  -2.1627811e+00
   5.5700000e-01  -2.1664148e+00
   5.5800000e-01  -2.1700702e+00
   5.5900000e-01  -2.1737475e+00
   5.6000000e-01  -2.1774469e+00
   5.6100000e-01  -2.1811687e+00
   5.6200000e-01  -2.1849129e+00
   5.6300000e-01  -2.1886798e+00
   5.6400000e-01  -2.1924696e+00
   5.6500000e-01  -2.1962824e+00
   5.6600000e-01  -2.2001185e+00
   5.6700000e-01  -2.2039781e+00
   5.6800000e-01  -2.2078613e+00
   5.6900000e-01  -2.2117684e+00
   5.7000000e-01  -2.2156996e+00
   5.7100000e-01  -2.2196550e+00
   5.7200000e-01  -2.2236350e+00
   5.7300000e-01  -2.2276396e+00
   5.7400000e-01  -2.2316692e+00
   5.7500000e-01  -2.2357239e+00
   5.7600000e-01  -2.2398040e+00
   5.7700000e-01  -2.2439097e+00
   5.7800000e-01  -2.2480412e+00
   5.7900000e-01  -2.2521988e+00
   5.8000000e-01  -2.2563826e+00
   5.8100000e-01  -2.2605930e+00
   5.8200000e-01  -2.2648301e+00
   5.8300000e-01  -2.2690942e+00
   5.8400000e-01  -2.2733856e+00
   5.8500000e-01  -2.2777044e+00
   5.8600000e-01  -2.2820510e+00
   5.8700000e-01  -2.2864256e+00
   5.8800000e-01  -2.2908285e+00
   5.8900000e-01  -2.2952598e+00
   5.9000000e-01  -2.2997200e+00
   5.9100000e-01  -2.3042091e+00
   5.9200000e-01  -2.3087277e+00
   5.9300000e-01  -2.3132757e+00
   5.9400000e-01  -2.3178537e+00
   5.9500000e-01  -2.3224618e+00
   5.9600000e-01  -2.3271004e+00
   5.9700000e-01  -2.3317697e+00
   5.9800000e-01  -2.3364700e+00
   5.9900000e-01  -2.3412016e+00
   6.0000000e-01  -2.3459648e+00
   6.0100000e-01  -2.3507599e+00
   6.0200000e-01  -2.3555873e+00
   6.0300000e-01  -2.3604472e+00
   6.0400000e-01  -2.3653400e+00
   6.0500000e-01  -2.3702659e+00
   6.0600000e-01  -2.3752253e+00
   6.0700000e-01  -2.3802186e+00
   6.0800000e-01  -2.3852460e+00
   6.0900000e-01  -2.3903080e+00
   6.1000000e-01  -2.3954047e+00
   6.1100000e-01  -2.4005367e+00
   6.1200000e-01  -2.4057042e+00
   6.1300000e-01  -2.4109076e+00
   6.1400000e-01  -2.4161473e+00
   6.1500000e-01  -2.4214236e+00
   6.1600000e-01  -2.4267369e+00
   6.1700000e-01  -2.4320876e+00
   6.1800000e-01  -2.4374760e+00
   6.1900000e-01  -2.4429026e+00
   6.2000000e-01  -2.4483678e+00
   6.2100000e-01  -2.4538718e+00
   6.2200000e-01  -2.4594153e+00
   6.2300000e-01  -2.4649985e+00
   6.2400000e-01  -2.4706218e+00
   6.2500000e-01  -2.4762858e+00
   6.2600000e-01  -2.4819907e+00
   6.2700000e-01  -2.4877372e+00
   6.2800000e-01  -2.4935255e+00
   6.2900000e-01  -2.4993562e+00
   6.3000000e-01  -2.5052297e+00
   6.3100000e-01  -2.5111464e+00
   6.3200000e-01  -2.5171068e+00
   6.3300000e-01  -2.5231115e+00
   6.3400000e-01  -2.5291608e+00
   6.3500000e-01  -2.5352553e+00
   6.3600000e-01  -2.5413955e+00
   6.3700000e-01  -2.5475819e+00
   6.3800000e-01  -2.5538149e+00
   6.3900000e-01  -2.5600951e+00
   6.4000000e-01  -2.5664230e+00
   6.4100000e-01  -2.5727992e+00
   6.4200000e-01  -2.5792242e+00
   6.4300000e-01  -2.5856985e+00
   6.4400000e-01  -2.5922227e+00
   6.4500000e-01  -2.5987974e+00
   6.4600000e-01  -2.6054231e+00
   6.4700000e-01  -2.6121005e+00
   6.4800000e-01  -2.6188301e+00
   6.4900000e-01  -2.6256126e+00
   6.5000000e-01  -2.6324484e+00
   6.5100000e-01  -2.6393384e+00
   6.5200000e-01  -2.6462830e+00
   6.5300000e-01  -2.6532830e+00
   6.5400000e-01  -2.6603390e+00
   6.5500000e-01  -2.6674516e+00
   6.5600000e-01  -2.6746216e+00
   6.5700000e-01  -2.6818496e+00
   6.5800000e-01  -2.6891363e+00
   6.5900000e-01  -2.6964824e+00
   6.6000000e-01  -2.7038887e+00
   6.6100000e-01  -2.7113558e+00
   6.6200000e-01  -2.7188845e+00
   6.6300000e-01  -2.7264757e+00
   6.6400000e-01  -2.7341299e+00
   6.6500000e-01  -2.7418481e+00
   6.6600000e-01  -2.7496310e+00
   6.6700000e-01  -2.7574794e+00
   6.6800000e-01  -2.7653941e+00
   6.6900000e-01  -2.7733760e+00
   6.7000000e-01  -2.7814260e+00
   6.7100000e-01  -2.7895448e+00
   6.7200000e-01  -2.7977334e+00
   6.7300000e-01  -2.8059927e+00
   6.7400000e-01  -2.8143235e+00
   6.7500000e-01  -2.8227268e+00
   6.7600000e-01  -2.8312036e+00
   6.7700000e-01  -2.8397548e+00
   6.7800000e-01  -2.8483813e+00
   6.7900000e-01  -2.8570842e+00
   6.8000000e-01  -2.8658645e+00
   6.8100000e-01  -2.8747232e+00
   6.8200000e-01  -2.8836614e+00
   6.8300000e-01  -2.8926801e+00
   6.8400000e-01  -2.9017804e+00
   6.8500000e-01  -2.9109633e+00
   6.8600000e-01  -2.9202302e+00
   6.8700000e-01  -2.9295820e+00
   6.8800000e-01  -2.9390200e+00
   6.8900000e-01  -2.9485453e+00
   6.9000000e-01  -2.9581592e+00
   6.9100000e-01  -2.9678629e+00
   6.9200000e-01  -2.9776576e+00
   6.9300000e-01  -2.9875446e+00
   6.9400000e-01  -2.9975253e+00
   6.9500000e-01  -3.0076010e+00
   6.9600000e-01  -3.0177730e+00
   6.9700000e-01  -3.0280427e+00
   6.9800000e-01  -3.0384116e+00
   6.9900000e-01  -3.0488810e+00
   7.0000000e-01  -3.0594524e+00
   7.0100000e-01  -3.0701274e+00
   7.0200000e-01  -3.0809074e+00
   7.0300000e-01  -3.0917940e+00
   7.0400000e-01  -3.1027888e+00
   7.0500000e-01  -3.1138935e+00
   7.0600000e-01  -3.1251096e+00
   7.0700000e-01  -3.1364389e+00
   7.0800000e-01  -3.1478830e+00
   7.0900000e-01  -3.1594438e+00
   7.1000000e-01  -3.1711230e+00
   7.1100000e-01  -3.1829225e+00
   7.1200000e-01  -3.1948441e+00
   7.1300000e-01  -3.2068897e+00
   7.1400000e-01  -3.2190613e+00
   7.1500000e-01  -3.2313609e+00
   7.1600000e-01  -3.2437904e+00
   7.1700000e-01  -3.2563521e+00
   7.1800000e-01  -3.2690479e+00
   7.1900000e-01  -3.2818802e+00
   7.2000000e-01  -3.2948510e+00
   7.2100000e-01  -3.3079626e+00
   7.2200000e-01  -3.3212174e+00
   7.2300000e-01  -3.3346177e+00
   7.2400000e-01  -3.3481660e+00
   7.2500000e-01  -3.3618646e+00
   7.2600000e-01  -3.3757162e+00
   7.2700000e-01  -3.3897234e+00
   7.2800000e-01  -3.4038886e+00
   7.2900000e-01  -3.4182148e+00
   7.3000000e-01  -3.4327046e+00
   7.3100000e-01  -3.4473608e+00
   7.3200000e-01  -3.4621865e+00
   7.3300000e-01  -3.4771844e+00
   7.3400000e-01  -3.4923578e+00
   7.3500000e-01  -3.5077096e+00
   7.3600000e-01  -3.5232431e+00
   7.3700000e-01  -3.5389615e+00
   7.3800000e-01  -3.5548681e+00
   7.3900000e-01  -3.5709665e+00
   7.4000000e-01  -3.5872601e+00
   7.4100000e-01  -3.6037524e+00
   7.4200000e-01  -3.6204472e+00
   7.4300000e-01  -3.6373482e+00
   7.4400000e-01  -3.6544594e+00
   7.4500000e-01  -3.6717846e+00
   7.4600000e-01  -3.6893280e+00
   7.4700000e-01  -3.7070937e+00
   7.4800000e-01  -3.7250860e+00
   7.4900000e-01  -3.7433093e+00
   7.5000000e-01  -3.7617681e+00
   7.5100000e-01  -3.7804671e+00
   7.5200000e-01  -3.7994109e+00
   7.5300000e-01  -3.8186044e+00
   7.5400000e-01  -3.8380528e+00
   7.5500000e-01  -3.8577610e+00
   7.5600000e-01  -3.8777345e+00
   7.5700000e-01  -3.8979786e+00
   7.5800000e-01  -3.9184988e+00
   7.5900000e-01  -3.9393011e+00
   7.6000000e-01  -3.9603911e+00
   7.6100000e-01  -3.9817751e+00
   7.6200000e-01  -4.0034592e+00
   7.6300000e-01  -4.0254499e+00
   7.6400000e-01  -4.0477537e+00
   7.6500000e-01  -4.0703775e+00
   7.6600000e-01  -4.0933282e+00
   7.6700000e-01  -4.1166130e+00
   7.6800000e-01  -4.1402394e+00
   7.6900000e-01  -4.1642150e+00
   7.7000000e-01  -4.1885477e+00
   7.7100000e-01  -4.2132455e+00
   7.7200000e-01  -4.2383169e+00
   7.7300000e-01  -4.2637703e+00
   7.7400000e-01  -4.2896148e+00
   7.7500000e-01  -4.3158594e+00
   7.7600000e-01  -4.3425137e+00
   7.7700000e-01  -4.3695874e+00
   7.7800000e-01  -4.3970905e+00
   7.7900000e-01  -4.4250334e+00
   7.8000000e-01  -4.4534269e+00
   7.8100000e-01  -4.4822820e+00
   7.8200000e-01  -4.5116103e+00
   7.8300000e-01  -4.5414235e+00
   7.8400000e-01  -4.5717339e+00
   7.8500000e-01  -4.6025541e+00
   7.8600000e-01  -4.6338973e+00
   7.8700000e-01  -4.6657769e+00
   7.8800000e-01  -4.6982071e+00
   7.8900000e-01  -4.7312023e+00
   7.9000000e-01  -4.7647776e+00
   7.9100000e-01  -4.7989485e+00
   7.9200000e-01  -4.8337312e+00
   7.9300000e-01  -4.8691424e+00
   7.9400000e-01  -4.9051995e+00
   7.9500000e-01  -4.9419204e+00
   7.9600000e-01  -4.9793239e+00
   7.9700000e-01  -5.0174293e+00
   7.9800000e-01  -5.0562568e+00
   7.9900000e-01  -5.0958273e+00
   8.0000000e-01  -5.1361624e+00
   8.0100000e-01  -5.1772849e+00
   8.0200000e-01  -5.2192182e+00
   8.0300000e-01  -5.2619867e+00
   8.0400000e-01  -5.3056159e+00
   8.0500000e-01  -5.3501323e+00
   8.0600000e-01  -5.3955634e+00
   8.0700000e-01  -5.4419380e+00
   8.0800000e-01  -5.4892862e+00
   8.0900000e-01  -5.5376390e+00
   8.1000000e-01  -5.5870292e+00
   8.1100000e-01  -5.6374908e+00
   8.1200000e-01  -5.6890594e+00
   8.1300000e-01  -5.7417721e+00
   8.1400000e-01  -5.7956678e+00
   8.1500000e-01  -5.8507871e+00
   8.1600000e-01  -5.9071725e+00
   8.1700000e-01  -5.9648686e+00
   8.1800000e-01  -6.0239219e+00
   8.1900000e-01  -6.0843815e+00
   8.2000000e-01  -6.1462984e+00
   8.2100000e-01  -6.2097266e+00
   8.2200000e-01  -6.2747225e+00
   8.2300000e-01  -6.3413455e+00
   8.2400000e-01  -6.4096580e+00
   8.2500000e-01  -6.4797255e+00
   8.2600000e-01  -6.5516173e+00
   8.2700000e-01  -6.6254059e+00
   8.2800000e-01  -6.7011682e+00
   8.2900000e-01  -6.7789850e+00
   8.3000000e-01  -6.8589417e+00
   8.3100000e-01  -6.9411286e+00
   8.3200000e-01  -7.0256410e+00
   8.3300000e-01  -7.1125797e+00
   8.3400000e-01  -7.2020516e+00
   8.3500000e-01  -7.2941699e+00
   8.3600000e-01  -7.3890546e+00
   8.3700000e-01  -7.4868333e+00
   8.3800000e-01  -7.5876412e+00
   8.3900000e-01  -7.6916225e+00
   8.4000000e-01  -7.7989304e+00
   8.4100000e-01  -7.9097282e+00
   8.4200000e-01  -8.0241903e+00
   8.4300000e-01  -8.1425028e+00
   8.4400000e-01  -8.2648644e+00
   8.4500000e-01  -8.3914882e+00
   8.4600000e-01  -8.5226022e+00
   8.4700000e-01  -8.6584510e+00
   8.4800000e-01  -8.7992976e+00
   8.4900000e-01  -8.9454245e+00
   8.5000000e-01  -9.0971362e+00
   8.5100000e-01  -9.2547609e+00
   8.5200000e-01  -9.4186534e+00
   8.5300000e-01  -9.5891972e+00
   8.5400000e-01  -9.7668077e+00
   8.5500000e-01  -9.9519360e+00
   8.5600000e-01  -1.0145072e+01
   8.5700000e-01  -1.0346750e+01
   8.5800000e-01  -1.0557552e+01
   8.5900000e-01  -1.0778115e+01
   8.6000000e-01  -1.1009136e+01
   8.6100000e-01  -1.1251380e+01
   8.6200000e-01  -1.1505690e+01
   8.6300000e-01  -1.1772994e+01
   8.6400000e-01  -1.2054317e+01
   8.6500000e-01  -1.2350799e+01
   8.6600000e-01  -1.2663702e+01
   8.6700000e-01  -1.2994435e+01
   8.6800000e-01  -1.3344573e+01
   8.6900000e-01  -1.3715881e+01
   8.7000000e-01  -1.4110346e+01
   8.7100000e-01  -1.4530211e+01
   8.7200000e-01  -1.4978020e+01
   8.7300000e-01  -1.5456668e+01
   8.7400000e-01  -1.5969461e+01
   8.7500000e-01  -1.6520201e+01
   8.7600000e-01  -1.7113273e+01
   8.7700000e-01  -1.7753764e+01
   8.7800000e-01  -1.8447614e+01
   8.7900000e-01  -1.9201795e+01
   8.8000000e-01  -2.0024552e+01
   8.8100000e-01  -2.0925703e+01