   0.0000000e+00  -3.1589300e+00
   1.0000000e-03  -3.1589341e+00
   2.0000000e-03  -3.1589463e+00
   3.0000000e-03  -3.1589667e+00
   4.0000000e-03  -3.1589952e+00
   5.0000000e-03  -3.1590319e+00
   6.0000000e-03  -3.1590767e+00
   7.0000000e-03  -3.1591296e+00
   8.0000000e-03  -3.1591908e+00
   9.0000000e-03  -3.1592600e+00
   1.0000000e-02  -3.1593375e+00
   1.1000000e-02  -3.1594231e+00
   1.2000000e-02  -3.1595168e+00
   1.3000000e-02  -3.1596187e+00
   1.4000000e-02  -3.1597288e+00
   1.5000000e-02  -3.1598470e+00
   1.6000000e-02  -3.1599734e+00
   1.7000000e-02  -3.1601080e+00
   1.8000000e-02  -3.1602507e+00
   1.9000000e-02  -3.1604016e+00
   2.0000000e-02  -3.1605607e+00
   2.1000000e-02  -3.1607279e+00
   2.2000000e-02  -3.1609034e+00
   2.3000000e-02  -3.1610870e+00
   2.4000000e-02  -3.1612788e+00
   2.5000000e-02  -3.1614788e+00
   2.6000000e-02  -3.1616870e+00
   2.7000000e-02  -3.1619034e+00
   2.8000000e-02  -3.1621280e+00
   2.9000000e-02  -3.1623608e+00
   3.0000000e-02  -3.1626018e+00
   3.1000000e-02  -3.1628511e+00
   3.2000000e-02  -3.1631085e+00
   3.3000000e-02  -3.1633742e+00
   3.4000000e-02  -3.1636481e+00
   3.5000000e-02  -3.1639303e+00
   3.6000000e-02  -3.1642207e+00
   3.7000000e-02  -3.1645193e+00
   3.8000000e-02  -3.1648262e+00
   3.9000000e-02  -3.1651414e+00
   4.0000000e-02  -3.1654648e+00
   4.1000000e-02  -3.1657965e+00
   4.2000000e-02  -3.1661364e+00
   4.3000000e-02  -3.1664847e+00
   4.4000000e-02  -3.1668412e+00
   4.5000000e-02  -3.1672060e+00
   4.6000000e-02  -3.1675791e+00
   4.7000000e-02  -3.1679606e+00
   4.8000000e-02  -3.1683503e+00
   4.9000000e-02  -3.1687484e+00
   5.0000000e-02  -3.1691548e+00
   5.1000000e-02  -3.1695695e+00
   5.2000000e-02  -3.1699926e+00
   5.3000000e-02  -3.1704241e+00
   5.4000000e-02  -3.1708639e+00
   5.5000000e-02  -3.1713121e+00
   5.6000000e-02  -3.1717686e+00
   5.7000000e-02  -3.1722336e+00
   5.8000000e-02  -3.1727069e+00
   5.9000000e-02  -3.1731886e+00
   6.0000000e-02  -3.1736788e+00
   6.1000000e-02  -3.1741774e+00
   6.2000000e-02  -3.1746844e+00
   6.3000000e-02  -3.1751998e+00
   6.4000000e-02  -3.1757238e+00
   6.5000000e-02  -3.1762561e+00
   6.6000000e-02  -3.1767970e+00
   6.7000000e-02  -3.1773463e+00
   6.8000000e-02  -3.1779041e+00
   6.9000000e-02  -3.1784704e+00
   7.0000000e-02  -3.1790452e+00
   7.1000000e-02  -3.1796286e+00
   7.2000000e-02  -3.1802205e+00
   7.3000000e-02  -3.1808209e+00
   7.4000000e-02  -3.1814299e+00
   7.5000000e-02  -3.1820475e+00
   7.6000000e-02  -3.1826736e+00
   7.7000000e-02  -3.1833084e+00
   7.8000000e-02  -3.1839517e+00
   7.9000000e-02  -3.1846037e+00
   8.0000000e-02  -3.1852643e+00
   8.1000000e-02  -3.1859335e+00
   8.2000000e-02  -3.1866114e+00
   8.3000000e-02  -3.1872980e+00
   8.4000000e-02  -3.1879932e+00
   8.5000000e-02  -3.1886972e+00
   8.6000000e-02  -3.1894098e+00
   8.7000000e-02  -3.1901312e+00
   8.8000000e-02  -3.1908613e+00
   8.9000000e-02  -3.1916001e+00
   9.0000000e-02  -3.1923477e+00
   9.1000000e-02  -3.1931041e+00
   9.2000000e-02  -3.1938693e+00
   9.3000000e-02  -3.1946433e+00
   9.4000000e-02  -3.1954261e+00
   9.5000000e-02  -3.1962178e+00
   9.6000000e-02  -3.1970183e+00
   9.7000000e-02  -3.1978276e+00
   9.8000000e-02  -3.1986459e+00
   9.9000000e-02  -3.1994731e+00
   1.0000000e-01  -3.2003091e+00
   1.0100000e-01  -3.2011541e+00
   1.0200000e-01  -3.2020081e+00
   1.0300000e-01  -3.2028710e+00
   1.0400000e-01  -3.2037429e+00
   1.0500000e-01  -3.2046238e+00
   1.0600000e-01  -3.2055137e+00
   1.0700000e-01  -3.2064127e+00
   1.0800000e-01  -3.2073207e+00
   1.0900000e-01  -3.2082377e+00
   1.1000000e-01  -3.2091639e+00
   1.1100000e-01  -3.2100991e+00
   1.1200000e-01  -3.2110435e+00
   1.1300000e-01  -3.2119970e+00
   1.1400000e-01  -3.2129597e+00
   1.1500000e-01  -3.2139316e+00
   1.1600000e-01  -3.2149126e+00
   1.1700000e-01  -3.2159029e+00
   1.1800000e-01  -3.2169024e+00
   1.1900000e-01  -3.2179112e+00
   1.2000000e-01  -3.2189292e+00
   1.2100000e-01  -3.2199566e+00
   1.2200000e-01  -3.2209932e+00
   1.2300000e-01  -3.2220392e+00
   1.2400000e-01  -3.2230946e+00
   1.2500000e-01  -3.2241593e+00
   1.2600000e-01  -3.2252334e+00
   1.2700000e-01  -3.2263170e+00
   1.2800000e-01  -3.2274100e+00
   1.2900000e-01  -3.2285124e+00
   1.3000000e-01  -3.2296244e+00
   1.3100000e-01  -3.2307459e+00
   1.3200000e-01  -3.2318769e+00
   1.3300000e-01  -3.2330174e+00
   1.3400000e-01  -3.2341675e+00
   1.3500000e-01  -3.2353273e+00
   1.3600000e-01  -3.2364966e+00
   1.3700000e-01  -3.2376756e+00
   1.3800000e-01  -3.2388643e+00
   1.3900000e-01  -3.2400627e+00
   1.4000000e-01  -3.2412708e+00
   1.4100000e-01  -3.2424886e+00
   1.4200000e-01  -3.2437162e+00
   1.4300000e-01  -3.2449536e+00
   1.4400000e-01  -3.2462008e+00
   1.4500000e-01  -3.2474579e+00
   1.4600000e-01  -3.2487248e+00
   1.4700000e-01  -3.2500017e+00
   1.4800000e-01  -3.2512884e+00
   1.4900000e-01  -3.2525851e+00
   1.5000000e-01  -3.2538918e+00
   1.5100000e-01  -3.2552085e+00
   1.5200000e-01  -3.2565352e+00
   1.5300000e-01  -3.2578720e+00
   1.5400000e-01  -3.2592189e+00
   1.5500000e-01  -3.2605758e+00
   1.5600000e-01  -3.2619430e+00
   1.5700000e-01  -3.2633203e+00
   1.5800000e-01  -3.2647077e+00
   1.5900000e-01  -3.2661055e+00
   1.6000000e-01  -3.2675134e+00
   1.6100000e-01  -3.2689317e+00
   1.6200000e-01  -3.2703603e+00
   1.6300000e-01  -3.2717992e+00
   1.6400000e-01  -3.2732485e+00
   1.6500000e-01  -3.2747082e+00
   1.6600000e-01  -3.2761783e+00
   1.6700000e-01  -3.2776589e+00
   1.6800000e-01  -3.2791500e+00
   1.6900000e-01  -3.2806517e+00
   1.7000000e-01  -3.2821639e+00
   1.7100000e-01  -3.2836867e+00
   1.7200000e-01  -3.2852201e+00
   1.7300000e-01  -3.2867642e+00
   1.7400000e-01  -3.2883190e+00
   1.7500000e-01  -3.2898845e+00
   1.7600000e-01  -3.2914607e+00
   1.7700000e-01  -3.2930478e+00
   1.7800000e-01  -3.2946457e+00
   1.7900000e-01  -3.2962544e+00
   1.8000000e-01  -3.2978741e+00
   1.8100000e-01  -3.2995047e+00
   1.8200000e-01  -3.3011462e+00
   1.8300000e-01  -3.3027988e+00
   1.8400000e-01  -3.3044623e+00
   1.8500000e-01  -3.3061370e+00
   1.8600000e-01  -3.3078228e+00
   1.8700000e-01  -3.3095197e+00
   1.8800000e-01  -3.3112278e+00
   1.8900000e-01  -3.3129472e+00
   1.9000000e-01  -3.3146778e+00
   1.9100000e-01  -3.3164197e+00
   1.9200000e-01  -3.3181729e+00
   1.9300000e-01  -3.3199375e+00
   1.9400000e-01  -3.3217135e+00
   1.9500000e-01  -3.3235010e+00
   1.9600000e-01  -3.3253000e+00
   1.9700000e-01  -3.3271105e+00
   1.9800000e-01  -3.3289326e+00
   1.9900000e-01  -3.3307663e+00
   2.0000000e-01  -3.3326116e+00
   2.0100000e-01  -3.3344687e+00
   2.0200000e-01  -3.3363375e+00
   2.0300000e-01  -3.3382181e+00
   2.0400000e-01  -3.3401105e+00
   2.0500000e-01  -3.3420147e+00
   2.0600000e-01  -3.3439309e+00
   2.0700000e-01  -3.3458591e+00
   2.0800000e-01  -3.3477992e+00
   2.0900000e-01  -3.3497514e+00
   2.1000000e-01  -3.3517156e+00
   2.1100000e-01  -3.3536920e+00
   2.1200000e-01  -3.3556806e+00
   2.1300000e-01  -3.3576814e+00
   2.1400000e-01  -3.3596945e+00
   2.1500000e-01  -3.3617198e+00
   2.1600000e-01  -3.3637576e+00
   2.1700000e-01  -3.3658077e+00
   2.1800000e-01  -3.3678703e+00
   2.1900000e-01  -3.3699455e+00
   2.2000000e-01  -3.3720331e+00
   2.2100000e-01  -3.3741334e+00
   2.2200000e-01  -3.3762463e+00
   2.2300000e-01  -3.3783719e+00
   2.2400000e-01  -3.3805103e+00
   2.2500000e-01  -3.3826615e+00
   2.2600000e-01  -3.3848255e+00
   2.2700000e-01  -3.3870025e+00
   2.2800000e-01  -3.3891924e+00
   2.2900000e-01  -3.3913953e+00
   2.3000000e-01  -3.3936112e+00
   2.3100000e-01  -3.3958403e+00
   2.3200000e-01  -3.3980825e+00
   2.3300000e-01  -3.4003380e+00
   2.3400000e-01  -3.4026068e+00
   2.3500000e-01  -3.4048888e+00
   2.3600000e-01  -3.4071843e+00
   2.3700000e-01  -3.4094932e+00
   2.3800000e-01  -3.4118156e+00
   2.3900000e-01  -3.4141515e+00
   2.4000000e-01  -3.4165011e+00
   2.4100000e-01  -3.4188643e+00
   2.4200000e-01  -3.4212413e+00
   2.4300000e-01  -3.4236320e+00
   2.4400000e-01  -3.4260366e+00
   2.4500000e-01  -3.4284551e+00
   2.4600000e-01  -3.4308875e+00
   2.4700000e-01  -3.4333340e+00
   2.4800000e-01  -3.4357946e+00
   2.4900000e-01  -3.4382693e+00
   2.5000000e-01  -3.4407582e+00
   2.5100000e-01  -3.4432614e+00
   2.5200000e-01  -3.4457789e+00
   2.5300000e-01  -3.4483109e+00
   2.5400000e-01  -3.4508572e+00
   2.5500000e-01  -3.4534181e+00
   2.5600000e-01  -3.4559937e+00
   2.5700000e-01  -3.4585838e+00
   2.5800000e-01  -3.4611887e+00
   2.5900000e-01  -3.4638084e+00
   2.6000000e-01  -3.4664429e+00
   2.6100000e-01  -3.4690924e+00
   2.6200000e-01  -3.4717568e+00
   2.6300000e-01  -3.4744363e+00
   2.6400000e-01  -3.4771310e+00
   2.6500000e-01  -3.4798408e+00
   2.6600000e-01  -3.4825659e+00
   2.6700000e-01  -3.4853064e+00
   2.6800000e-01  -3.4880623e+00
   2.6900000e-01  -3.4908337e+00
   2.7000000e-01  -3.4936206e+00
   2.7100000e-01  -3.4964232e+00
   2.7200000e-01  -3.4992415e+00
   2.7300000e-01  -3.5020755e+00
   2.7400000e-01  -3.5049254e+00
   2.7500000e-01  -3.5077913e+00
   2.7600000e-01  -3.5106732e+00
   2.7700000e-01  -3.5135712e+00
   2.7800000e-01  -3.5164853e+00
   2.7900000e-01  -3.5194157e+00
   2.8000000e-01  -3.5223624e+00
   2.8100000e-01  -3.5253256e+00
   2.8200000e-01  -3.5283052e+00
   2.8300000e-01  -3.5313014e+00
   2.8400000e-01  -3.5343142e+00
   2.8500000e-01  -3.5373438e+00
   2.8600000e-01  -3.5403902e+00
   2.8700000e-01  -3.5434535e+00
   2.8800000e-01  -3.5465338e+00
   2.8900000e-01  -3.5496312e+00
   2.9000000e-01  -3.5527457e+00
   2.9100000e-01  -3.5558775e+00
   2.9200000e-01  -3.5590266e+00
   2.9300000e-01  -3.5621931e+00
   2.9400000e-01  -3.5653772e+00
   2.9500000e-01  -3.5685789e+00
   2.9600000e-01  -3.5717982e+00
   2.9700000e-01  -3.5750354e+00
   2.9800000e-01  -3.5782904e+00
   2.9900000e-01  -3.5815634e+00
   3.0000000e-01  -3.5848545e+00
   3.0100000e-01  -3.5881638e+00
   3.0200000e-01  -3.5914913e+00
   3.0300000e-01  -3.5948371e+00
   3.0400000e-01  -3.5982014e+00
   3.0500000e-01  -3.6015843e+00
   3.0600000e-01  -3.6049858e+00
   3.0700000e-01  -3.6084061e+00
   3.0800000e-01  -3.6118452e+00
   3.0900000e-01  -3.6153033e+00
   3.1000000e-01  -3.6187805e+00
   3.1100000e-01  -3.6222768e+00
   3.1200000e-01  -3.6257924e+00
   3.1300000e-01  -3.6293273e+00
   3.1400000e-01  -3.6328817e+00
   3.1500000e-01  -3.6364557e+00
   3.1600000e-01  -3.6400494e+00
   3.1700000e-01  -3.6436630e+00
   3.1800000e-01  -3.6472964e+00
   3.1900000e-01  -3.6509498e+00
   3.2000000e-01  -3.6546234e+00
   3.2100000e-01  -3.6583173e+00
   3.2200000e-01  -3.6620315e+00
   3.2300000e-01  -3.6657661e+00
   3.2400000e-01  -3.6695214e+00
   3.2500000e-01  -3.6732974e+00
   3.2600000e-01  -3.6770942e+00
   3.2700000e-01  -3.6809120e+00
   3.2800000e-01  -3.6847509e+00
   3.2900000e-01  -3.6886109e+00
   3.3000000e-01  -3.6924923e+00
   3.3100000e-01  -3.6963951e+00
   3.3200000e-01  -3.7003194e+00
   3.3300000e-01  -3.7042655e+00
   3.3400000e-01  -3.7082334e+00
   3.3500000e-01  -3.7122232e+00
   3.3600000e-01  -3.7162351e+00
   3.3700000e-01  -3.7202692e+00
   3.3800000e-01  -3.7243256e+00
   3.3900000e-01  -3.7284046e+00
   3.4000000e-01  -3.7325061e+00
   3.4100000e-01  -3.7366304e+00
   3.4200000e-01  -3.7407775e+00
   3.4300000e-01  -3.7449477e+00
   3.4400000e-01  -3.7491410e+00
   3.4500000e-01  -3.7533576e+00
   3.4600000e-01  -3.7575976e+00
   3.4700000e-01  -3.7618613e+00
   3.4800000e-01  -3.7661486e+00
   3.4900000e-01  -3.7704599e+00
   3.5000000e-01  -3.7747951e+00
   3.5100000e-01  -3.7791546e+00
   3.5200000e-01  -3.7835383e+00
   3.5300000e-01  -3.7879465e+00
   3.5400000e-01  -3.7923793e+00
   3.5500000e-01  -3.7968369e+00
   3.5600000e-01  -3.8013195e+00
   3.5700000e-01  -3.8058271e+00
   3.5800000e-01  -3.8103600e+00
   3.5900000e-01  -3.8149183e+00
   3.6000000e-01  -3.8195022e+00
   3.6100000e-01  -3.8241117e+00
   3.6200000e-01  -3.8287472e+00
   3.6300000e-01  -3.8334088e+00
   3.6400000e-01  -3.8380966e+00
   3.6500000e-01  -3.8428108e+00
   3.6600000e-01  -3.8475516e+00
   3.6700000e-01  -3.8523191e+00
   3.6800000e-01  -3.8571135e+00
   3.6900000e-01  -3.8619351e+00
   3.7000000e-01  -3.8667839e+00
   3.7100000e-01  -3.8716601e+00
   3.7200000e-01  -3.8765640e+00
   3.7300000e-01  -3.8814958e+00
   3.7400000e-01  -3.8864555e+00
   3.7500000e-01  -3.8914434e+00
   3.7600000e-01  -3.8964597e+00
   3.7700000e-01  -3.9015046e+00
   3.7800000e-01  -3.9065783e+00
   3.7900000e-01  -3.9116809e+00
   3.8000000e-01  -3.9168126e+00
   3.8100000e-01  -3.9219737e+00
   3.8200000e-01  -3.9271644e+00
   3.8300000e-01  -3.9323848e+00
   3.8400000e-01  -3.9376352e+00
   3.8500000e-01  -3.9429157e+00
   3.8600000e-01  -3.9482266e+00
   3.8700000e-01  -3.9535681e+00
   3.8800000e-01  -3.9589404e+00
   3.8900000e-01  -3.9643437e+00
   3.9000000e-01  -3.9697783e+00
   3.9100000e-01  -3.9752443e+00
   3.9200000e-01  -3.9807419e+00
   3.9300000e-01  -3.9862715e+00
   3.9400000e-01  -3.9918331e+00
   3.9500000e-01  -3.9974271e+00
   3.9600000e-01  -4.0030537e+00
   3.9700000e-01  -4.0087131e+00
   3.9800000e-01  -4.0144056e+00
   3.9900000e-01  -4.0201313e+00
   4.0000000e-01  -4.0258905e+00
   4.0100000e-01  -4.0316836e+00
   4.0200000e-01  -4.0375106e+00
   4.0300000e-01  -4.0433719e+00
   4.0400000e-01  -4.0492676e+00
   4.0500000e-01  -4.0551982e+00
   4.0600000e-01  -4.0611638e+00
   4.0700000e-01  -4.0671646e+00
   4.0800000e-01  -4.0732010e+00
   4.0900000e-01  -4.0792732e+00
   4.1000000e-01  -4.0853814e+00
   4.1100000e-01  -4.0915260e+00
   4.1200000e-01  -4.0977072e+00
   4.1300000e-01  -4.1039253e+00
   4.1400000e-01  -4.1101805e+00
   4.1500000e-01  -4.1164732e+00
   4.1600000e-01  -4.1228036e+00
   4.1700000e-01  -4.1291720e+00
   4.1800000e-01  -4.1355787e+00
   4.1900000e-01  -4.1420240e+00
   4.2000000e-01  -4.1485083e+00
   4.2100000e-01  -4.1550317e+00
   4.2200000e-01  -4.1615946e+00
   4.2300000e-01  -4.1681973e+00
   4.2400000e-01  -4.1748401e+00
   4.2500000e-01  -4.1815234e+00
   4.2600000e-01  -4.1882474e+00
   4.2700000e-01  -4.1950124e+00
   4.2800000e-01  -4.2018189e+00
   4.2900000e-01  -4.2086670e+00
   4.3000000e-01  -4.2155572e+00
   4.3100000e-01  -4.2224898e+00
   4.3200000e-01  -4.2294652e+00
   4.3300000e-01  -4.2364835e+00
   4.3400000e-01  -4.2435453e+00
   4.3500000e-01  -4.2506509e+00
   4.3600000e-01  -4.2578005e+00
   4.3700000e-01  -4.2649946e+00
   4.3800000e-01  -4.2722336e+00
   4.3900000e-01  -4.2795177e+00
   4.4000000e-01  -4.2868475e+00
   4.4100000e-01  -4.2942231e+00
   4.4200000e-01  -4.3016451e+00
   4.4300000e-01  -4.3091138e+00
   4.4400000e-01  -4.3166296e+00
   4.4500000e-01  -4.3241929e+00
   4.4600000e-01  -4.3318041e+00
   4.4700000e-01  -4.3394636e+00
   4.4800000e-01  -4.3471717e+00
   4.4900000e-01  -4.3549290e+00
   4.5000000e-01  -4.3627357e+00
   4.5100000e-01  -4.3705925e+00
   4.5200000e-01  -4.3784995e+00
   4.5300000e-01  -4.3864574e+00
   4.5400000e-01  -4.3944665e+00
   4.5500000e-01  -4.4025273e+00
   4.5600000e-01  -4.4106402e+00
   4.5700000e-01  -4.4188057e+00
   4.5800000e-01  -4.4270242e+00
   4.5900000e-01  -4.4352962e+00
   4.6000000e-01  -4.4436222e+00
   4.6100000e-01  -4.4520026e+00
   4.6200000e-01  -4.4604380e+00
   4.6300000e-01  -4.4689287e+00
   4.6400000e-01  -4.4774753e+00
   4.6500000e-01  -4.4860784e+00
   4.6600000e-01  -4.4947383e+00
   4.6700000e-01  -4.5034556e+00
   4.6800000e-01  -4.5122309e+00
   4.6900000e-01  -4.5210646e+00
   4.7000000e-01  -4.5299572e+00
   4.7100000e-01  -4.5389094e+00
   4.7200000e-01  -4.5479217e+00
   4.7300000e-01  -4.5569945e+00
   4.7400000e-01  -4.5661286e+00
   4.7500000e-01  -4.5753243e+00
   4.7600000e-01  -4.5845824e+00
   4.7700000e-01  -4.5939033e+00
   4.7800000e-01  -4.6032877e+00
   4.7900000e-01  -4.6127361e+00
   4.8000000e-01  -4.6222492e+00
   4.8100000e-01  -4.6318276e+00
   4.8200000e-01  -4.6414719e+00
   4.8300000e-01  -4.6511827e+00
   4.8400000e-01  -4.6609606e+00
   4.8500000e-01  -4.6708063e+00
   4.8600000e-01  -4.6807204e+00
   4.8700000e-01  -4.6907036e+00
   4.8800000e-01  -4.7007566e+00
   4.8900000e-01  -4.7108800e+00
   4.9000000e-01  -4.7210745e+00
   4.9100000e-01  -4.7313409e+00
   4.9200000e-01  -4.7416797e+00
   4.9300000e-01  -4.7520918e+00
   4.9400000e-01  -4.7625778e+00
   4.9500000e-01  -4.7731386e+00
   4.9600000e-01  -4.7837747e+00
   4.9700000e-01  -4.7944870e+00
   4.9800000e-01  -4.8052763e+00
   4.9900000e-01  -4.8161433e+00
   5.0000000e-01  -4.8270888e+00
   5.0100000e-01  -4.8381135e+00
   5.0200000e-01  -4.8492184e+00
   5.0300000e-01  -4.8604042e+00
   5.0400000e-01  -4.8716717e+00
   5.0500000e-01  -4.8830218e+00
   5.0600000e-01  -4.8944553e+00
   5.0700000e-01  -4.9059731e+00
   5.0800000e-01  -4.9175761e+00
   5.0900000e-01  -4.9292652e+00
   5.1000000e-01  -4.9410412e+00
   5.1100000e-01  -4.9529051e+00
   5.1200000e-01  -4.9648578e+00
   5.1300000e-01  -4.9769002e+00
   5.1400000e-01  -4.9890334e+00
   5.1500000e-01  -5.0012582e+00
   5.1600000e-01  -5.0135756e+00
   5.1700000e-01  -5.0259867e+00
   5.1800000e-01  -5.0384924e+00
   5.1900000e-01  -5.0510938e+00
   5.2000000e-01  -5.0637919e+00
   5.2100000e-01  -5.0765878e+00
   5.2200000e-01  -5.0894826e+00
   5.2300000e-01  -5.1024773e+00
   5.2400000e-01  -5.1155730e+00
   5.2500000e-01  -5.1287708e+00
   5.2600000e-01  -5.1420720e+00
   5.2700000e-01  -5.1554776e+00
   5.2800000e-01  -5.1689889e+00
   5.2900000e-01  -5.1826069e+00
   5.3000000e-01  -5.1963330e+00
   5.3100000e-01  -5.2101683e+00
   5.3200000e-01  -5.2241141e+00
   5.3300000e-01  -5.2381717e+00
   5.3400000e-01  -5.2523424e+00
   5.3500000e-01  -5.2666273e+00
   5.3600000e-01  -5.2810280e+00
   5.3700000e-01  -5.2955457e+00
   5.3800000e-01  -5.3101818e+00
   5.3900000e-01  -5.3249376e+00
   5.4000000e-01  -5.3398147e+00
   5.4100000e-01  -5.3548144e+00
   5.4200000e-01  -5.3699382e+00
   5.4300000e-01  -5.3851875e+00
   5.4400000e-01  -5.4005640e+00
   5.4500000e-01  -5.4160690e+00
   5.4600000e-01  -5.4317042e+00
   5.4700000e-01  -5.4474711e+00
   5.4800000e-01  -5.4633714e+00
   5.4900000e-01  -5.4794067e+00
   5.5000000e-01  -5.4955786e+00
   5.5100000e-01  -5.5118888e+00
   5.5200000e-01  -5.5283391e+00
   5.5300000e-01  -5.5449312e+00
   5.5400000e-01  -5.5616668e+00
   5.5500000e-01  -5.5785478e+00
   5.5600000e-01  -5.5955760e+00
   5.5700000e-01  -5.6127533e+00
   5.5800000e-01  -5.6300816e+00
   5.5900000e-01  -5.6475627e+00
   5.6000000e-01  -5.6651987e+00
   5.6100000e-01  -5.6829916e+00
   5.6200000e-01  -5.7009434e+00
   5.6300000e-01  -5.7190561e+00
   5.6400000e-01  -5.7373319e+00
   5.6500000e-01  -5.7557730e+00
   5.6600000e-01  -5.7743814e+00
   5.6700000e-01  -5.7931595e+00
   5.6800000e-01  -5.8121094e+00
   5.6900000e-01  -5.8312336e+00
   5.7000000e-01  -5.8505342e+00
   5.7100000e-01  -5.8700138e+00
   5.7200000e-01  -5.8896747e+00
   5.7300000e-01  -5.9095195e+00
   5.7400000e-01  -5.9295505e+00
   5.7500000e-01  -5.9497705e+00
   5.7600000e-01  -5.9701820e+00
   5.7700000e-01  -5.9907877e+00
   5.7800000e-01  -6.0115903e+00
   5.7900000e-01  -6.0325925e+00
   5.8000000e-01  -6.0537972e+00
   5.8100000e-01  -6.0752072e+00
   5.8200000e-01  -6.0968256e+00
   5.8300000e-01  -6.1186552e+00
   5.8400000e-01  -6.1406990e+00
   5.8500000e-01  -6.1629603e+00
   5.8600000e-01  -6.1854421e+00
   5.8700000e-01  -6.2081477e+00
   5.8800000e-01  -6.2310803e+00
   5.8900000e-01  -6.2542434e+00
   5.9000000e-01  -6.2776403e+00
   5.9100000e-01  -6.3012745e+00
   5.9200000e-01  -6.3251495e+00
   5.9300000e-01  -6.3492691e+00
   5.9400000e-01  -6.3736368e+00
   5.9500000e-01  -6.3982565e+00
   5.9600000e-01  -6.4231320e+00
   5.9700000e-01  -6.4482673e+00
   5.9800000e-01  -6.4736664e+00
   5.9900000e-01  -6.4993333e+00
   6.0000000e-01  -6.5252723e+00
   6.0100000e-01  -6.5514876e+00
   6.0200000e-01  -6.5779836e+00
   6.0300000e-01  -6.6047648e+00
   6.0400000e-01  -6.6318357e+00
   6.0500000e-01  -6.6592009e+00
   6.0600000e-01  -6.6868652e+00
   6.0700000e-01  -6.7148335e+00
   6.0800000e-01  -6.7431106e+00
   6.0900000e-01  -6.7717018e+00
   6.1000000e-01  -6.8006122e+00
   6.1100000e-01  -6.8298470e+00
   6.1200000e-01  -6.8594117e+00
   6.1300000e-01  -6.8893118e+00
   6.1400000e-01  -6.9195530e+00
   6.1500000e-01  -6.9501411e+00
   6.1600000e-01  -6.9810819e+00
   6.1700000e-01  -7.0123817e+00
   6.1800000e-01  -7.0440465e+00
   6.1900000e-01  -7.0760827e+00
   6.2000000e-01  -7.1084968e+00
   6.2100000e-01  -7.1412954e+00
   6.2200000e-01  -7.1744854e+00
   6.2300000e-01  -7.2080737e+00
   6.2400000e-01  -7.2420675e+00
   6.2500000e-01  -7.2764740e+00
   6.2600000e-01  -7.3113008e+00
   6.2700000e-01  -7.3465555e+00
   6.2800000e-01  -7.3822460e+00
   6.2900000e-01  -7.4183803e+00
   6.3000000e-01  -7.4549666e+00
   6.3100000e-01  -7.4920135e+00
   6.3200000e-01  -7.5295295e+00
   6.3300000e-01  -7.5675237e+00
   6.3400000e-01  -7.6060050e+00
   6.3500000e-01  -7.6449829e+00
   6.3600000e-01  -7.6844670e+00
   6.3700000e-01  -7.7244670e+00
   6.3800000e-01  -7.7649931e+00
   6.3900000e-01  -7.8060556e+00
   6.4000000e-01  -7.8476653e+00
   6.4100000e-01  -7.8898330e+00
   6.4200000e-01  -7.9325699e+00
   6.4300000e-01  -7.9758876e+00
   6.4400000e-01  -8.0197978e+00
   6.4500000e-01  -8.0643129e+00
   6.4600000e-01  -8.1094452e+00
   6.4700000e-01  -8.1552076e+00
   6.4800000e-01  -8.2016133e+00
   6.4900000e-01  -8.2486760e+00
   6.5000000e-01  -8.2964094e+00
   6.5100000e-01  -8.3448282e+00
   6.5200000e-01  -8.3939469e+00
   6.5300000e-01  -8.4437809e+00
   6.5400000e-01  -8.4943457e+00
   6.5500000e-01  -8.5456575e+00
   6.5600000e-01  -8.5977329e+00
   6.5700000e-01  -8.6505890e+00
   6.5800000e-01  -8.7042434e+00
   6.5900000e-01  -8.7587142e+00
   6.6000000e-01  -8.8140202e+00
   6.6100000e-01  -8.8701805e+00
   6.6200000e-01  -8.9272151e+00
   6.6300000e-01  -8.9851445e+00
   6.6400000e-01  -9.0439899e+00
   6.6500000e-01  -9.1037729e+00
   6.6600000e-01  -9.1645162e+00
   6.6700000e-01  -9.2262430e+00
   6.6800000e-01  -9.2889773e+00
   6.6900000e-01  -9.3527440e+00
   6.7000000e-01  -9.4175685e+00
   6.7100000e-01  -9.4834774e+00
   6.7200000e-01  -9.5504980e+00
   6.7300000e-01  -9.6186587e+00
   6.7400000e-01  -9.6879887e+00
   6.7500000e-01  -9.7585182e+00
   6.7600000e-01  -9.8302787e+00
   6.7700000e-01  -9.9033025e+00
   6.7800000e-01  -9.9776233e+00
   6.7900000e-01  -1.0053276e+01
   6.8000000e-01  -1.0130296e+01
   6.8100000e-01  -1.0208721e+01
   6.8200000e-01  -1.0288591e+01
   6.8300000e-01  -1.0369944e+01
   6.8400000e-01  -1.0452823e+01
   6.8500000e-01  -1.0537271e+01
   6.8600000e-01  -1.0623333e+01
   6.8700000e-01  -1.0711056e+01
   6.8800000e-01  -1.0800488e+01
   6.8900000e-01  -1.0891679e+01
   6.9000000e-01  -1.0984682e+01
   6.9100000e-01  -1.1079551e+01
   6.9200000e-01  -1.1176343e+01
   6.9300000e-01  -1.1275117e+01
   6.9400000e-01  -1.1375935e+01
   6.9500000e-01  -1.1478860e+01
   6.9600000e-01  -1.1583959e+01
   6.9700000e-01  -1.1691303e+01
   6.9800000e-01  -1.1800962e+01
   6.9900000e-01  -1.1913014e+01
   7.0000000e-01  -1.2027537e+01
   7.0100000e-01  -1.2144614e+01
   7.0200000e-01  -1.2264331e+01
   7.0300000e-01  -1.2386779e+01
   7.0400000e-01  -1.2512052e+01
   7.0500000e-01  -1.2640249e+01
   7.0600000e-01  -1.2771474e+01
   7.0700000e-01  -1.2905834e+01
   7.0800000e-01  -1.3043445e+01
   7.0900000e-01  -1.3184425e+01
   7.1000000e-01  -1.3328899e+01
   7.1100000e-01  -1.3476999e+01
   7.1200000e-01  -1.3628863e+01
   7.1300000e-01  -1.3784638e+01
   7.1400000e-01  -1.3944474e+01
   7.1500000e-01  -1.4108535e+01
   7.1600000e-01  -1.4276989e+01
   7.1700000e-01  -1.4450016e+01
   7.1800000e-01  -1.4627803e+01
   7.1900000e-01  -1.4810551e+01
   7.2000000e-01  -1.4998471e+01
   7.2100000e-01  -1.5191784e+01
   7.2200000e-01  -1.5390727e+01
   7.2300000e-01  -1.5595548e+01
   7.2400000e-01  -1.5806514e+01
   7.2500000e-01  -1.6023905e+01
   7.2600000e-01  -1.6248018e+01
   7.2700000e-01  -1.6479171e+01
   7.2800000e-01  -1.6717700e+01
   7.2900000e-01  -1.6963966e+01
   7.3000000e-01  -1.7218350e+01
   7.3100000e-01  -1.7481261e+01
   7.3200000e-01  -1.7753136e+01
   7.3300000e-01  -1.8034441e+01
   7.3400000e-01  -1.8325675e+01
   7.3500000e-01  -1.8627374e+01
   7.3600000e-01  -1.8940112e+01
   7.3700000e-01  -1.9264508e+01
   7.3800000e-01  -1.9601226e+01
   7.3900000e-01  -1.9950982e+01