   0.0000000e+00  -9.3902300e+00
   1.0000000e-03  -9.3902567e+00
   2.0000000e-03  -9.3903370e+00
   3.0000000e-03  -9.3904707e+00
   4.0000000e-03  -9.3906578e+00
   5.0000000e-03  -9.3908985e+00
   6.0000000e-03  -9.3911927e+00
   7.0000000e-03  -9.3915404e+00
   8.0000000e-03  -9.3919416e+00
   9.0000000e-03  -9.3923964e+00
   1.0000000e-02  -9.3929048e+00
   1.1000000e-02  -9.3934667e+00
   1.2000000e-02  -9.3940822e+00
   1.3000000e-02  -9.3947513e+00
   1.4000000e-02  -9.3954741e+00
   1.5000000e-02  -9.3962505e+00
   1.6000000e-02  -9.3970807e+00
   1.7000000e-02  -9.3979646e+00
   1.8000000e-02  -9.3989022e+00
   1.9000000e-02  -9.3998937e+00
   2.0000000e-02  -9.4009390e+00
   2.1000000e-02  -9.4020381e+00
   2.2000000e-02  -9.4031912e+00
   2.3000000e-02  -9.4043983e+00
   2.4000000e-02  -9.4056593e+00
   2.5000000e-02  -9.4069744e+00
   2.6000000e-02  -9.4083436e+00
   2.7000000e-02  -9.4097670e+00
   2.8000000e-02  -9.4112446e+00
   2.9000000e-02  -9.4127764e+00
   3.0000000e-02  -9.4143626e+00
   3.1000000e-02  -9.4160031e+00
   3.2000000e-02  -9.4176981e+00
   3.3000000e-02  -9.4194476e+00
   3.4000000e-02  -9.4212516e+00
   3.5000000e-02  -9.4231103e+00
   3.6000000e-02  -9.4250237e+00
   3.7000000e-02  -9.4269919e+00
   3.8000000e-02  -9.4290149e+00
   3.9000000e-02  -9.4310929e+00
   4.0000000e-02  -9.4332259e+00
   4.1000000e-02  -9.4354139e+00
   4.2000000e-02  -9.4376571e+00
   4.3000000e-02  -9.4399556e+00
   4.4000000e-02  -9.4423095e+00
   4.5000000e-02  -9.4447187e+00
   4.6000000e-02  -9.4471835e+00
   4.7000000e-02  -9.4497039e+00
   4.8000000e-02  -9.4522800e+00
   4.9000000e-02  -9.4549119e+00
   5.0000000e-02  -9.4575998e+00
   5.1000000e-02  -9.4603436e+00
   5.2000000e-02  -9.4631436e+00
   5.3000000e-02  -9.4659998e+00
   5.4000000e-02  -9.4689123e+00
   5.5000000e-02  -9.4718813e+00
   5.6000000e-02  -9.4749068e+00
   5.7000000e-02  -9.4779890e+00
   5.8000000e-02  -9.4811280e+00
   5.9000000e-02  -9.4843239e+00
   6.0000000e-02  -9.4875768e+00
   6.1000000e-02  -9.4908869e+00
   6.2000000e-02  -9.4942543e+00
   6.3000000e-02  -9.4976791e+00
   6.4000000e-02  -9.5011614e+00
   6.5000000e-02  -9.5047014e+00
   6.6000000e-02  -9.5082993e+00
   6.7000000e-02  -9.5119551e+00
   6.8000000e-02  -9.5156690e+00
   6.9000000e-02  -9.5194411e+00
   7.0000000e-02  -9.5232717e+00
   7.1000000e-02  -9.5271608e+00
   7.2000000e-02  -9.5311085e+00
   7.3000000e-02  -9.5351152e+00
   7.4000000e-02  -9.5391808e+00
   7.5000000e-02  -9.5433056e+00
   7.6000000e-02  -9.5474897e+00
   7.7000000e-02  -9.5517333e+00
   7.8000000e-02  -9.5560365e+00
   7.9000000e-02  -9.5603996e+00
   8.0000000e-02  -9.5648226e+00
   8.1000000e-02  -9.5693059e+00
   8.2000000e-02  -9.5738495e+00
   8.3000000e-02  -9.5784536e+00
   8.4000000e-02  -9.5831184e+00
   8.5000000e-02  -9.5878441e+00
   8.6000000e-02  -9.5926309e+00
   8.7000000e-02  -9.5974789e+00
   8.8000000e-02  -9.6023885e+00
   8.9000000e-02  -9.6073597e+00
   9.0000000e-02  -9.6123927e+00
   9.1000000e-02  -9.6174878e+00
   9.2000000e-02  -9.6226452e+00
   9.3000000e-02  -9.6278651e+00
   9.4000000e-02  -9.6331476e+00
   9.5000000e-02  -9.6384930e+00
   9.6000000e-02  -9.6439016e+00
   9.7000000e-02  -9.6493735e+00
   9.8000000e-02  -9.6549089e+00
   9.9000000e-02  -9.6605081e+00
   1.0000000e-01  -9.6661714e+00
   1.0100000e-01  -9.6718988e+00
   1.0200000e-01  -9.6776908e+00
   1.0300000e-01  -9.6835475e+00
   1.0400000e-01  -9.6894691e+00
   1.0500000e-01  -9.6954559e+00
   1.0600000e-01  -9.7015081e+00
   1.0700000e-01  -9.7076261e+00
   1.0800000e-01  -9.7138099e+00
   1.0900000e-01  -9.7200600e+00
   1.1000000e-01  -9.7263766e+00
   1.1100000e-01  -9.7327599e+00
   1.1200000e-01  -9.7392101e+00
   1.1300000e-01  -9.7457276e+00
   1.1400000e-01  -9.7523127e+00
   1.1500000e-01  -9.7589656e+00
   1.1600000e-01  -9.7656865e+00
   1.1700000e-01  -9.7724759e+00
   1.1800000e-01  -9.7793338e+00
   1.1900000e-01  -9.7862608e+00
   1.2000000e-01  -9.7932570e+00
   1.2100000e-01  -9.8003227e+00
   1.2200000e-01  -9.8074583e+00
   1.2300000e-01  -9.8146640e+00
   1.2400000e-01  -9.8219402e+00
   1.2500000e-01  -9.8292871e+00
   1.2600000e-01  -9.8367052e+00
   1.2700000e-01  -9.8441946e+00
   1.2800000e-01  -9.8517558e+00
   1.2900000e-01  -9.8593890e+00
   1.3000000e-01  -9.8670947e+00
   1.3100000e-01  -9.8748730e+00
   1.3200000e-01  -9.8827244e+00
   1.3300000e-01  -9.8906493e+00
   1.3400000e-01  -9.8986478e+00
   1.3500000e-01  -9.9067205e+00
   1.3600000e-01  -9.9148677e+00
   1.3700000e-01  -9.9230897e+00
   1.3800000e-01  -9.9313869e+00
   1.3900000e-01  -9.9397596e+00
   1.4000000e-01  -9.9482083e+00
   1.4100000e-01  -9.9567333e+00
   1.4200000e-01  -9.9653350e+00
   1.4300000e-01  -9.9740137e+00
   1.4400000e-01  -9.9827700e+00
   1.4500000e-01  -9.9916041e+00
   1.4600000e-01  -1.0000516e+01
   1.4700000e-01  -1.0009507e+01
   1.4800000e-01  -1.0018578e+01
   1.4900000e-01  -1.0027727e+01
   1.5000000e-01  -1.0036957e+01
   1.5100000e-01  -1.0046267e+01
   1.5200000e-01  -1.0055657e+01
   1.5300000e-01  -1.0065129e+01
   1.5400000e-01  -1.0074683e+01
   1.5500000e-01  -1.0084318e+01
   1.5600000e-01  -1.0094036e+01
   1.5700000e-01  -1.0103838e+01
   1.5800000e-01  -1.0113722e+01
   1.5900000e-01  -1.0123691e+01
   1.6000000e-01  -1.0133744e+01
   1.6100000e-01  -1.0143881e+01
   1.6200000e-01  -1.0154105e+01
   1.6300000e-01  -1.0164413e+01
   1.6400000e-01  -1.0174809e+01
   1.6500000e-01  -1.0185291e+01
   1.6600000e-01  -1.0195860e+01
   1.6700000e-01  -1.0206518e+01
   1.6800000e-01  -1.0217263e+01
   1.6900000e-01  -1.0228098e+01
   1.7000000e-01  -1.0239022e+01
   1.7100000e-01  -1.0250036e+01
   1.7200000e-01  -1.0261140e+01
   1.7300000e-01  -1.0272335e+01
   1.7400000e-01  -1.0283622e+01
   1.7500000e-01  -1.0295002e+01
   1.7600000e-01  -1.0306473e+01
   1.7700000e-01  -1.0318039e+01
   1.7800000e-01  -1.0329698e+01
   1.7900000e-01  -1.0341451e+01
   1.8000000e-01  -1.0353299e+01
   1.8100000e-01  -1.0365244e+01
   1.8200000e-01  -1.0377284e+01
   1.8300000e-01  -1.0389421e+01
   1.8400000e-01  -1.0401656e+01
   1.8500000e-01  -1.0413989e+01
   1.8600000e-01  -1.0426420e+01
   1.8700000e-01  -1.0438951e+01
   1.8800000e-01  -1.0451582e+01
   1.8900000e-01  -1.0464314e+01
   1.9000000e-01  -1.0477147e+01
   1.9100000e-01  -1.0490082e+01
   1.9200000e-01  -1.0503120e+01
   1.9300000e-01  -1.0516261e+01
   1.9400000e-01  -1.0529507e+01
   1.9500000e-01  -1.0542857e+01
   1.9600000e-01  -1.0556312e+01
   1.9700000e-01  -1.0569874e+01
   1.9800000e-01  -1.0583543e+01
   1.9900000e-01  -1.0597320e+01
   2.0000000e-01  -1.0611205e+01
   2.0100000e-01  -1.0625199e+01
   2.0200000e-01  -1.0639304e+01
   2.0300000e-01  -1.0653519e+01
   2.0400000e-01  -1.0667845e+01
   2.0500000e-01  -1.0682284e+01
   2.0600000e-01  -1.0696837e+01
   2.0700000e-01  -1.0711503e+01
   2.0800000e-01  -1.0726284e+01
   2.0900000e-01  -1.0741180e+01
   2.1000000e-01  -1.0756193e+01
   2.1100000e-01  -1.0771323e+01
   2.1200000e-01  -1.0786572e+01
   2.1300000e-01  -1.0801939e+01
   2.1400000e-01  -1.0817427e+01
   2.1500000e-01  -1.0833035e+01
   2.1600000e-01  -1.0848765e+01
   2.1700000e-01  -1.0864618e+01
   2.1800000e-01  -1.0880594e+01
   2.1900000e-01  -1.0896695e+01
   2.2000000e-01  -1.0912921e+01
   2.2100000e-01  -1.0929274e+01
   2.2200000e-01  -1.0945754e+01
   2.2300000e-01  -1.0962363e+01
   2.2400000e-01  -1.0979101e+01
   2.2500000e-01  -1.0995969e+01
   2.2600000e-01  -1.1012969e+01
   2.2700000e-01  -1.1030101e+01
   2.2800000e-01  -1.1047367e+01
   2.2900000e-01  -1.1064767e+01
   2.3000000e-01  -1.1082303e+01
   2.3100000e-01  -1.1099976e+01
   2.3200000e-01  -1.1117787e+01
   2.3300000e-01  -1.1135736e+01
   2.3400000e-01  -1.1153826e+01
   2.3500000e-01  -1.1172057e+01
   2.3600000e-01  -1.1190430e+01
   2.3700000e-01  -1.1208947e+01
   2.3800000e-01  -1.1227608e+01
   2.3900000e-01  -1.1246416e+01
   2.4000000e-01  -1.1265371e+01
   2.4100000e-01  -1.1284474e+01
   2.4200000e-01  -1.1303727e+01
   2.4300000e-01  -1.1323131e+01
   2.4400000e-01  -1.1342687e+01
   2.4500000e-01  -1.1362396e+01
   2.4600000e-01  -1.1382261e+01
   2.4700000e-01  -1.1402281e+01
   2.4800000e-01  -1.1422459e+01
   2.4900000e-01  -1.1442796e+01
   2.5000000e-01  -1.1463293e+01
   2.5100000e-01  -1.1483952e+01
   2.5200000e-01  -1.1504774e+01
   2.5300000e-01  -1.1525761e+01
   2.5400000e-01  -1.1546913e+01
   2.5500000e-01  -1.1568233e+01
   2.5600000e-01  -1.1589722e+01
   2.5700000e-01  -1.1611382e+01
   2.5800000e-01  -1.1633214e+01
   2.5900000e-01  -1.1655219e+01
   2.6000000e-01  -1.1677399e+01
   2.6100000e-01  -1.1699756e+01
   2.6200000e-01  -1.1722292e+01
   2.6300000e-01  -1.1745007e+01
   2.6400000e-01  -1.1767905e+01
   2.6500000e-01  -1.1790986e+01
   2.6600000e-01  -1.1814251e+01
   2.6700000e-01  -1.1837704e+01
   2.6800000e-01  -1.1861346e+01
   2.6900000e-01  -1.1885178e+01
   2.7000000e-01  -1.1909202e+01
   2.7100000e-01  -1.1933420e+01
   2.7200000e-01  -1.1957834e+01
   2.7300000e-01  -1.1982446e+01
   2.7400000e-01  -1.2007257e+01
   2.7500000e-01  -1.2032271e+01
   2.7600000e-01  -1.2057488e+01
   2.7700000e-01  -1.2082910e+01
   2.7800000e-01  -1.2108541e+01
   2.7900000e-01  -1.2134381e+01
   2.8000000e-01  -1.2160432e+01
   2.8100000e-01  -1.2186698e+01
   2.8200000e-01  -1.2213180e+01
   2.8300000e-01  -1.2239880e+01
   2.8400000e-01  -1.2266800e+01
   2.8500000e-01  -1.2293943e+01
   2.8600000e-01  -1.2321311e+01
   2.8700000e-01  -1.2348907e+01
   2.8800000e-01  -1.2376732e+01
   2.8900000e-01  -1.2404788e+01
   2.9000000e-01  -1.2433079e+01
   2.9100000e-01  -1.2461607e+01
   2.9200000e-01  -1.2490375e+01
   2.9300000e-01  -1.2519383e+01
   2.9400000e-01  -1.2548637e+01
   2.9500000e-01  -1.2578137e+01
   2.9600000e-01  -1.2607887e+01
   2.9700000e-01  -1.2637889e+01
   2.9800000e-01  -1.2668146e+01
   2.9900000e-01  -1.2698660e+01
   3.0000000e-01  -1.2729435e+01
   3.0100000e-01  -1.2760473e+01
   3.0200000e-01  -1.2791778e+01
   3.0300000e-01  -1.2823351e+01
   3.0400000e-01  -1.2855197e+01
   3.0500000e-01  -1.2887318e+01
   3.0600000e-01  -1.2919716e+01
   3.0700000e-01  -1.2952396e+01
   3.0800000e-01  -1.2985361e+01
   3.0900000e-01  -1.3018613e+01
   3.1000000e-01  -1.3052155e+01
   3.1100000e-01  -1.3085992e+01
   3.1200000e-01  -1.3120127e+01
   3.1300000e-01  -1.3154562e+01
   3.1400000e-01  -1.3189302e+01
   3.1500000e-01  -1.3224350e+01
   3.1600000e-01  -1.3259709e+01
   3.1700000e-01  -1.3295383e+01
   3.1800000e-01  -1.3331376e+01
   3.1900000e-01  -1.3367692e+01
   3.2000000e-01  -1.3404334e+01
   3.2100000e-01  -1.3441306e+01
   3.2200000e-01  -1.3478613e+01
   3.2300000e-01  -1.3516258e+01
   3.2400000e-01  -1.3554245e+01
   3.2500000e-01  -1.3592578e+01
   3.2600000e-01  -1.3631263e+01
   3.2700000e-01  -1.3670302e+01
   3.2800000e-01  -1.3709701e+01
   3.2900000e-01  -1.3749463e+01
   3.3000000e-01  -1.3789593e+01
   3.3100000e-01  -1.3830097e+01
   3.3200000e-01  -1.3870978e+01
   3.3300000e-01  -1.3912241e+01
   3.3400000e-01  -1.3953891e+01
   3.3500000e-01  -1.3995934e+01
   3.3600000e-01  -1.4038373e+01
   3.3700000e-01  -1.4081214e+01
   3.3800000e-01  -1.4124463e+01
   3.3900000e-01  -1.4168124e+01
   3.4000000e-01  -1.4212203e+01
   3.4100000e-01  -1.4256705e+01
   3.4200000e-01  -1.4301637e+01
   3.4300000e-01  -1.4347002e+01
   3.4400000e-01  -1.4392809e+01
   3.4500000e-01  -1.4439061e+01
   3.4600000e-01  -1.4485765e+01
   3.4700000e-01  -1.4532928e+01
   3.4800000e-01  -1.4580555e+01
   3.4900000e-01  -1.4628653e+01
   3.5000000e-01  -1.4677228e+01
   3.5100000e-01  -1.4726286e+01
   3.5200000e-01  -1.4775835e+01
   3.5300000e-01  -1.4825881e+01
   3.5400000e-01  -1.4876431e+01
   3.5500000e-01  -1.4927492e+01
   3.5600000e-01  -1.4979072e+01
   3.5700000e-01  -1.5031177e+01
   3.5800000e-01  -1.5083815e+01
   3.5900000e-01  -1.5136994e+01
   3.6000000e-01  -1.5190721e+01
   3.6100000e-01  -1.5245004e+01
   3.6200000e-01  -1.5299852e+01
   3.6300000e-01  -1.5355273e+01
   3.6400000e-01  -1.5411274e+01
   3.6500000e-01  -1.5467865e+01
   3.6600000e-01  -1.5525055e+01
   3.6700000e-01  -1.5582851e+01
   3.6800000e-01  -1.5641264e+01
   3.6900000e-01  -1.5700303e+01
   3.7000000e-01  -1.5759976e+01
   3.7100000e-01  -1.5820294e+01
   3.7200000e-01  -1.5881267e+01
   3.7300000e-01  -1.5942904e+01
   3.7400000e-01  -1.6005216e+01
   3.7500000e-01  -1.6068213e+01
   3.7600000e-01  -1.6131906e+01
   3.7700000e-01  -1.6196306e+01
   3.7800000e-01  -1.6261424e+01
   3.7900000e-01  -1.6327272e+01
   3.8000000e-01  -1.6393861e+01
   3.8100000e-01  -1.6461203e+01
   3.8200000e-01  -1.6529310e+01
   3.8300000e-01  -1.6598194e+01
   3.8400000e-01  -1.6667869e+01
   3.8500000e-01  -1.6738348e+01
   3.8600000e-01  -1.6809642e+01
   3.8700000e-01  -1.6881767e+01
   3.8800000e-01  -1.6954736e+01
   3.8900000e-01  -1.7028563e+01
   3.9000000e-01  -1.7103263e+01
   3.9100000e-01  -1.7178850e+01
   3.9200000e-01  -1.7255340e+01
   3.9300000e-01  -1.7332748e+01
   3.9400000e-01  -1.7411090e+01
   3.9500000e-01  -1.7490382e+01
   3.9600000e-01  -1.7570642e+01
   3.9700000e-01  -1.7651886e+01
   3.9800000e-01  -1.7734131e+01
   3.9900000e-01  -1.7817395e+01
   4.0000000e-01  -1.7901697e+01
   4.0100000e-01  -1.7987056e+01
   4.0200000e-01  -1.8073490e+01
   4.0300000e-01  -1.8161019e+01
   4.0400000e-01  -1.8249664e+01
   4.0500000e-01  -1.8339445e+01
   4.0600000e-01  -1.8430383e+01
   4.0700000e-01  -1.8522501e+01
   4.0800000e-01  -1.8615819e+01
   4.0900000e-01  -1.8710362e+01
   4.1000000e-01  -1.8806151e+01
   4.1100000e-01  -1.8903213e+01
   4.1200000e-01  -1.9001570e+01
   4.1300000e-01  -1.9101249e+01
   4.1400000e-01  -1.9202276e+01
   4.1500000e-01  -1.9304676e+01
   4.1600000e-01  -1.9408478e+01
   4.1700000e-01  -1.9513709e+01
   4.1800000e-01  -1.9620398e+01
   4.1900000e-01  -1.9728575e+01
   4.2000000e-01  -1.9838271e+01
   4.2100000e-01  -1.9949516e+01