   0.0000000e+00  -3.4794700e+00
   1.0000000e-03  -3.4794748e+00
   2.0000000e-03  -3.4794891e+00
   3.0000000e-03  -3.4795129e+00
   4.0000000e-03  -3.4795463e+00
   5.0000000e-03  -3.4795892e+00
   6.0000000e-03  -3.4796416e+00
   7.0000000e-03  -3.4797036e+00
   8.0000000e-03  -3.4797751e+00
   9.0000000e-03  -3.4798561e+00
   1.0000000e-02  -3.4799467e+00
   1.1000000e-02  -3.4800468e+00
   1.2000000e-02  -3.4801565e+00
   1.3000000e-02  -3.4802757e+00
   1.4000000e-02  -3.4804045e+00
   1.5000000e-02  -3.4805428e+00
   1.6000000e-02  -3.4806907e+00
   1.7000000e-02  -3.4808481e+00
   1.8000000e-02  -3.4810151e+00
   1.9000000e-02  -3.4811917e+00
   2.0000000e-02  -3.4813778e+00
   2.1000000e-02  -3.4815735e+00
   2.2000000e-02  -3.4817788e+00
   2.3000000e-02  -3.4819936e+00
   2.4000000e-02  -3.4822180e+00
   2.5000000e-02  -3.4824520e+00
   2.6000000e-02  -3.4826956e+00
   2.7000000e-02  -3.4829488e+00
   2.8000000e-02  -3.4832116e+00
   2.9000000e-02  -3.4834840e+00
   3.0000000e-02  -3.4837660e+00
   3.1000000e-02  -3.4840577e+00
   3.2000000e-02  -3.4843589e+00
   3.3000000e-02  -3.4846698e+00
   3.4000000e-02  -3.4849903e+00
   3.5000000e-02  -3.4853205e+00
   3.6000000e-02  -3.4856603e+00
   3.7000000e-02  -3.4860097e+00
   3.8000000e-02  -3.4863688e+00
   3.9000000e-02  -3.4867376e+00
   4.0000000e-02  -3.4871161e+00
   4.1000000e-02  -3.4875042e+00
   4.2000000e-02  -3.4879020e+00
   4.3000000e-02  -3.4883096e+00
   4.4000000e-02  -3.4887268e+00
   4.5000000e-02  -3.4891538e+00
   4.6000000e-02  -3.4895904e+00
   4.7000000e-02  -3.4900368e+00
   4.8000000e-02  -3.4904930e+00
   4.9000000e-02  -3.4909588e+00
   5.0000000e-02  -3.4914345e+00
   5.1000000e-02  -3.4919199e+00
   5.2000000e-02  -3.4924151e+00
   5.3000000e-02  -3.4929201e+00
   5.4000000e-02  -3.4934348e+00
   5.5000000e-02  -3.4939594e+00
   5.6000000e-02  -3.4944938e+00
   5.7000000e-02  -3.4950380e+00
   5.8000000e-02  -3.4955921e+00
   5.9000000e-02  -3.4961560e+00
   6.0000000e-02  -3.4967298e+00
   6.1000000e-02  -3.4973134e+00
   6.2000000e-02  -3.4979069e+00
   6.3000000e-02  -3.4985103e+00
   6.4000000e-02  -3.4991236e+00
   6.5000000e-02  -3.4997469e+00
   6.6000000e-02  -3.5003801e+00
   6.7000000e-02  -3.5010232e+00
   6.8000000e-02  -3.5016763e+00
   6.9000000e-02  -3.5023393e+00
   7.0000000e-02  -3.5030123e+00
   7.1000000e-02  -3.5036953e+00
   7.2000000e-02  -3.5043884e+00
   7.3000000e-02  -3.5050914e+00
   7.4000000e-02  -3.5058045e+00
   7.5000000e-02  -3.5065277e+00
   7.6000000e-02  -3.5072609e+00
   7.7000000e-02  -3.5080042e+00
   7.8000000e-02  -3.5087576e+00
   7.9000000e-02  -3.5095211e+00
   8.0000000e-02  -3.5102947e+00
   8.1000000e-02  -3.5110785e+00
   8.2000000e-02  -3.5118724e+00
   8.3000000e-02  -3.5126765e+00
   8.4000000e-02  -3.5134908e+00
   8.5000000e-02  -3.5143153e+00
   8.6000000e-02  -3.5151500e+00
   8.7000000e-02  -3.5159949e+00
   8.8000000e-02  -3.5168501e+00
   8.9000000e-02  -3.5177156e+00
   9.0000000e-02  -3.5185914e+00
   9.1000000e-02  -3.5194775e+00
   9.2000000e-02  -3.5203739e+00
   9.3000000e-02  -3.5212807e+00
   9.4000000e-02  -3.5221978e+00
   9.5000000e-02  -3.5231253e+00
   9.6000000e-02  -3.5240632e+00
   9.7000000e-02  -3.5250115e+00
   9.8000000e-02  -3.5259703e+00
   9.9000000e-02  -3.5269395e+00
   1.0000000e-01  -3.5279192e+00
   1.0100000e-01  -3.5289095e+00
   1.0200000e-01  -3.5299102e+00
   1.0300000e-01  -3.5309214e+00
   1.0400000e-01  -3.5319433e+00
   1.0500000e-01  -3.5329757e+00
   1.0600000e-01  -3.5340187e+00
   1.0700000e-01  -3.5350723e+00
   1.0800000e-01  -3.5361366e+00
   1.0900000e-01  -3.5372115e+00
   1.1000000e-01  -3.5382972e+00
   1.1100000e-01  -3.5393935e+00
   1.1200000e-01  -3.5405006e+00
   1.1300000e-01  -3.5416184e+00
   1.1400000e-01  -3.5427471e+00
   1.1500000e-01  -3.5438865e+00
   1.1600000e-01  -3.5450368e+00
   1.1700000e-01  -3.5461979e+00
   1.1800000e-01  -3.5473698e+00
   1.1900000e-01  -3.5485527e+00
   1.2000000e-01  -3.5497465e+00
   1.2100000e-01  -3.5509513e+00
   1.2200000e-01  -3.5521670e+00
   1.2300000e-01  -3.5533938e+00
   1.2400000e-01  -3.5546315e+00
   1.2500000e-01  -3.5558804e+00
   1.2600000e-01  -3.5571403e+00
   1.2700000e-01  -3.5584113e+00
   1.2800000e-01  -3.5596934e+00
   1.2900000e-01  -3.5609867e+00
   1.3000000e-01  -3.5622912e+00
   1.3100000e-01  -3.5636069e+00
   1.3200000e-01  -3.5649338e+00
   1.3300000e-01  -3.5662720e+00
   1.3400000e-01  -3.5676215e+00
   1.3500000e-01  -3.5689823e+00
   1.3600000e-01  -3.5703545e+00
   1.3700000e-01  -3.5717381e+00
   1.3800000e-01  -3.5731331e+00
   1.3900000e-01  -3.5745395e+00
   1.4000000e-01  -3.5759575e+00
   1.4100000e-01  -3.5773869e+00
   1.4200000e-01  -3.5788278e+00
   1.4300000e-01  -3.5802803e+00
   1.4400000e-01  -3.5817445e+00
   1.4500000e-01  -3.5832202e+00
   1.4600000e-01  -3.5847076e+00
   1.4700000e-01  -3.5862067e+00
   1.4800000e-01  -3.5877176e+00
   1.4900000e-01  -3.5892402e+00
   1.5000000e-01  -3.5907746e+00
   1.5100000e-01  -3.5923208e+00
   1.5200000e-01  -3.5938789e+00
   1.5300000e-01  -3.5954488e+00
   1.5400000e-01  -3.5970307e+00
   1.5500000e-01  -3.5986246e+00
   1.5600000e-01  -3.6002305e+00
   1.5700000e-01  -3.6018484e+00
   1.5800000e-01  -3.6034783e+00
   1.5900000e-01  -3.6051204e+00
   1.6000000e-01  -3.6067746e+00
   1.6100000e-01  -3.6084410e+00
   1.6200000e-01  -3.6101196e+00
   1.6300000e-01  -3.6118104e+00
   1.6400000e-01  -3.6135136e+00
   1.6500000e-01  -3.6152291e+00
   1.6600000e-01  -3.6169569e+00
   1.6700000e-01  -3.6186971e+00
   1.6800000e-01  -3.6204498e+00
   1.6900000e-01  -3.6222150e+00
   1.7000000e-01  -3.6239927e+00
   1.7100000e-01  -3.6257830e+00
   1.7200000e-01  -3.6275858e+00
   1.7300000e-01  -3.6294013e+00
   1.7400000e-01  -3.6312295e+00
   1.7500000e-01  -3.6330704e+00
   1.7600000e-01  -3.6349241e+00
   1.7700000e-01  -3.6367906e+00
   1.7800000e-01  -3.6386699e+00
   1.7900000e-01  -3.6405622e+00
   1.8000000e-01  -3.6424674e+00
   1.8100000e-01  -3.6443855e+00
   1.8200000e-01  -3.6463167e+00
   1.8300000e-01  -3.6482610e+00
   1.8400000e-01  -3.6502183e+00
   1.8500000e-01  -3.6521889e+00
   1.8600000e-01  -3.6541726e+00
   1.8700000e-01  -3.6561696e+00
   1.8800000e-01  -3.6581799e+00
   1.8900000e-01  -3.6602035e+00
   1.9000000e-01  -3.6622406e+00
   1.9100000e-01  -3.6642911e+00
   1.9200000e-01  -3.6663550e+00
   1.9300000e-01  -3.6684325e+00
   1.9400000e-01  -3.6705236e+00
   1.9500000e-01  -3.6726283e+00
   1.9600000e-01  -3.6747467e+00
   1.9700000e-01  -3.6768789e+00
   1.9800000e-01  -3.6790248e+00
   1.9900000e-01  -3.6811845e+00
   2.0000000e-01  -3.6833582e+00
   2.0100000e-01  -3.6855458e+00
   2.0200000e-01  -3.6877474e+00
   2.0300000e-01  -3.6899630e+00
   2.0400000e-01  -3.6921927e+00
   2.0500000e-01  -3.6944366e+00
   2.0600000e-01  -3.6966947e+00
   2.0700000e-01  -3.6989670e+00
   2.0800000e-01  -3.7012536e+00
   2.0900000e-01  -3.7035547e+00
   2.1000000e-01  -3.7058701e+00
   2.1100000e-01  -3.7082000e+00
   2.1200000e-01  -3.7105445e+00
   2.1300000e-01  -3.7129036e+00
   2.1400000e-01  -3.7152773e+00
   2.1500000e-01  -3.7176657e+00
   2.1600000e-01  -3.7200689e+00
   2.1700000e-01  -3.7224869e+00
   2.1800000e-01  -3.7249199e+00
   2.1900000e-01  -3.7273677e+00
   2.2000000e-01  -3.7298306e+00
   2.2100000e-01  -3.7323086e+00
   2.2200000e-01  -3.7348017e+00
   2.2300000e-01  -3.7373100e+00
   2.2400000e-01  -3.7398335e+00
   2.2500000e-01  -3.7423724e+00
   2.2600000e-01  -3.7449266e+00
   2.2700000e-01  -3.7474964e+00
   2.2800000e-01  -3.7500816e+00
   2.2900000e-01  -3.7526824e+00
   2.3000000e-01  -3.7552989e+00
   2.3100000e-01  -3.7579310e+00
   2.3200000e-01  -3.7605790e+00
   2.3300000e-01  -3.7632428e+00
   2.3400000e-01  -3.7659225e+00
   2.3500000e-01  -3.7686182e+00
   2.3600000e-01  -3.7713300e+00
   2.3700000e-01  -3.7740579e+00
   2.3800000e-01  -3.7768020e+00
   2.3900000e-01  -3.7795624e+00
   2.4000000e-01  -3.7823391e+00
   2.4100000e-01  -3.7851322e+00
   2.4200000e-01  -3.7879418e+00
   2.4300000e-01  -3.7907680e+00
   2.4400000e-01  -3.7936108e+00
   2.4500000e-01  -3.7964703e+00
   2.4600000e-01  -3.7993466e+00
   2.4700000e-01  -3.8022398e+00
   2.4800000e-01  -3.8051499e+00
   2.4900000e-01  -3.8080770e+00
   2.5000000e-01  -3.8110212e+00
   2.5100000e-01  -3.8139826e+00
   2.5200000e-01  -3.8169612e+00
   2.5300000e-01  -3.8199572e+00
   2.5400000e-01  -3.8229706e+00
   2.5500000e-01  -3.8260015e+00
   2.5600000e-01  -3.8290500e+00
   2.5700000e-01  -3.8321161e+00
   2.5800000e-01  -3.8352000e+00
   2.5900000e-01  -3.8383017e+00
   2.6000000e-01  -3.8414213e+00
   2.6100000e-01  -3.8445589e+00
   2.6200000e-01  -3.8477146e+00
   2.6300000e-01  -3.8508885e+00
   2.6400000e-01  -3.8540807e+00
   2.6500000e-01  -3.8572912e+00
   2.6600000e-01  -3.8605201e+00
   2.6700000e-01  -3.8637676e+00
   2.6800000e-01  -3.8670337e+00
   2.6900000e-01  -3.8703186e+00
   2.7000000e-01  -3.8736222e+00
   2.7100000e-01  -3.8769447e+00
   2.7200000e-01  -3.8802863e+00
   2.7300000e-01  -3.8836469e+00
   2.7400000e-01  -3.8870267e+00
   2.7500000e-01  -3.8904258e+00
   2.7600000e-01  -3.8938443e+00
   2.7700000e-01  -3.8972823e+00
   2.7800000e-01  -3.9007398e+00
   2.7900000e-01  -3.9042170e+00
   2.8000000e-01  -3.9077140e+00
   2.8100000e-01  -3.9112309e+00
   2.8200000e-01  -3.9147678e+00
   2.8300000e-01  -3.9183248e+00
   2.8400000e-01  -3.9219020e+00
   2.8500000e-01  -3.9254994e+00
   2.8600000e-01  -3.9291173e+00
   2.8700000e-01  -3.9327557e+00
   2.8800000e-01  -3.9364147e+00
   2.8900000e-01  -3.9400945e+00
   2.9000000e-01  -3.9437951e+00
   2.9100000e-01  -3.9475167e+00
   2.9200000e-01  -3.9512593e+00
   2.9300000e-01  -3.9550231e+00
   2.9400000e-01  -3.9588082e+00
   2.9500000e-01  -3.9626147e+00
   2.9600000e-01  -3.9664428e+00
   2.9700000e-01  -3.9702924e+00
   2.9800000e-01  -3.9741639e+00
   2.9900000e-01  -3.9780572e+00
   3.0000000e-01  -3.9819726e+00
   3.0100000e-01  -3.9859100e+00
   3.0200000e-01  -3.9898697e+00
   3.0300000e-01  -3.9938518e+00
   3.0400000e-01  -3.9978564e+00
   3.0500000e-01  -4.0018836e+00
   3.0600000e-01  -4.0059336e+00
   3.0700000e-01  -4.0100064e+00
   3.0800000e-01  -4.0141023e+00
   3.0900000e-01  -4.0182212e+00
   3.1000000e-01  -4.0223635e+00
   3.1100000e-01  -4.0265292e+00
   3.1200000e-01  -4.0307183e+00
   3.1300000e-01  -4.0349312e+00
   3.1400000e-01  -4.0391679e+00
   3.1500000e-01  -4.0434285e+00
   3.1600000e-01  -4.0477132e+00
   3.1700000e-01  -4.0520222e+00
   3.1800000e-01  -4.0563555e+00
   3.1900000e-01  -4.0607133e+00
   3.2000000e-01  -4.0650958e+00
   3.2100000e-01  -4.0695031e+00
   3.2200000e-01  -4.0739354e+00
   3.2300000e-01  -4.0783927e+00
   3.2400000e-01  -4.0828753e+00
   3.2500000e-01  -4.0873833e+00
   3.2600000e-01  -4.0919168e+00
   3.2700000e-01  -4.0964761e+00
   3.2800000e-01  -4.1010612e+00
   3.2900000e-01  -4.1056723e+00
   3.3000000e-01  -4.1103096e+00
   3.3100000e-01  -4.1149733e+00
   3.3200000e-01  -4.1196634e+00
   3.3300000e-01  -4.1243802e+00
   3.3400000e-01  -4.1291239e+00
   3.3500000e-01  -4.1338945e+00
   3.3600000e-01  -4.1386923e+00
   3.3700000e-01  -4.1435174e+00
   3.3800000e-01  -4.1483700e+00
   3.3900000e-01  -4.1532503e+00
   3.4000000e-01  -4.1581585e+00
   3.4100000e-01  -4.1630946e+00
   3.4200000e-01  -4.1680590e+00
   3.4300000e-01  -4.1730517e+00
   3.4400000e-01  -4.1780730e+00
   3.4500000e-01  -4.1831231e+00
   3.4600000e-01  -4.1882020e+00
   3.4700000e-01  -4.1933101e+00
   3.4800000e-01  -4.1984475e+00
   3.4900000e-01  -4.2036143e+00
   3.5000000e-01  -4.2088109e+00
   3.5100000e-01  -4.2140373e+00
   3.5200000e-01  -4.2192938e+00
   3.5300000e-01  -4.2245806e+00
   3.5400000e-01  -4.2298978e+00
   3.5500000e-01  -4.2352457e+00
   3.5600000e-01  -4.2406244e+00
   3.5700000e-01  -4.2460343e+00
   3.5800000e-01  -4.2514754e+00
   3.5900000e-01  -4.2569480e+00
   3.6000000e-01  -4.2624523e+00
   3.6100000e-01  -4.2679885e+00
   3.6200000e-01  -4.2735569e+00
   3.6300000e-01  -4.2791576e+00
   3.6400000e-01  -4.2847909e+00
   3.6500000e-01  -4.2904570e+00
   3.6600000e-01  -4.2961560e+00
   3.6700000e-01  -4.3018884e+00
   3.6800000e-01  -4.3076542e+00
   3.6900000e-01  -4.3134536e+00
   3.7000000e-01  -4.3192871e+00
   3.7100000e-01  -4.3251547e+00
   3.7200000e-01  -4.3310567e+00
   3.7300000e-01  -4.3369933e+00
   3.7400000e-01  -4.3429649e+00
   3.7500000e-01  -4.3489715e+00
   3.7600000e-01  -4.3550136e+00
   3.7700000e-01  -4.3610913e+00
   3.7800000e-01  -4.3672049e+00
   3.7900000e-01  -4.3733546e+00
   3.8000000e-01  -4.3795407e+00
   3.8100000e-01  -4.3857635e+00
   3.8200000e-01  -4.3920232e+00
   3.8300000e-01  -4.3983201e+00
   3.8400000e-01  -4.4046545e+00
   3.8500000e-01  -4.4110266e+00
   3.8600000e-01  -4.4174367e+00
   3.8700000e-01  -4.4238851e+00
   3.8800000e-01  -4.4303721e+00
   3.8900000e-01  -4.4368979e+00
   3.9000000e-01  -4.4434629e+00
   3.9100000e-01  -4.4500673e+00
   3.9200000e-01  -4.4567114e+00
   3.9300000e-01  -4.4633955e+00
   3.9400000e-01  -4.4701199e+00
   3.9500000e-01  -4.4768850e+00
   3.9600000e-01  -4.4836909e+00
   3.9700000e-01  -4.4905382e+00
   3.9800000e-01  -4.4974269e+00
   3.9900000e-01  -4.5043575e+00
   4.0000000e-01  -4.5113303e+00
   4.0100000e-01  -4.5183456e+00
   4.0200000e-01  -4.5254037e+00
   4.0300000e-01  -4.5325050e+00
   4.0400000e-01  -4.5396498e+00
   4.0500000e-01  -4.5468384e+00
   4.0600000e-01  -4.5540712e+00
   4.0700000e-01  -4.5613484e+00
   4.0800000e-01  -4.5686706e+00
   4.0900000e-01  -4.5760379e+00
   4.1000000e-01  -4.5834508e+00
   4.1100000e-01  -4.5909097e+00
   4.1200000e-01  -4.5984148e+00
   4.1300000e-01  -4.6059666e+00
   4.1400000e-01  -4.6135654e+00
   4.1500000e-01  -4.6212117e+00
   4.1600000e-01  -4.6289057e+00
   4.1700000e-01  -4.6366479e+00
   4.1800000e-01  -4.6444387e+00
   4.1900000e-01  -4.6522784e+00
   4.2000000e-01  -4.6601675e+00
   4.2100000e-01  -4.6681063e+00
   4.2200000e-01  -4.6760953e+00
   4.2300000e-01  -4.6841348e+00
   4.2400000e-01  -4.6922254e+00
   4.2500000e-01  -4.7003674e+00
   4.2600000e-01  -4.7085612e+00
   4.2700000e-01  -4.7168073e+00
   4.2800000e-01  -4.7251061e+00
   4.2900000e-01  -4.7334581e+00
   4.3000000e-01  -4.7418636e+00
   4.3100000e-01  -4.7503232e+00
   4.3200000e-01  -4.7588373e+00
   4.3300000e-01  -4.7674064e+00
   4.3400000e-01  -4.7760310e+00
   4.3500000e-01  -4.7847114e+00
   4.3600000e-01  -4.7934482e+00
   4.3700000e-01  -4.8022419e+00
   4.3800000e-01  -4.8110930e+00
   4.3900000e-01  -4.8200020e+00
   4.4000000e-01  -4.8289693e+00
   4.4100000e-01  -4.8379955e+00
   4.4200000e-01  -4.8470811e+00
   4.4300000e-01  -4.8562266e+00
   4.4400000e-01  -4.8654325e+00
   4.4500000e-01  -4.8746994e+00
   4.4600000e-01  -4.8840279e+00
   4.4700000e-01  -4.8934184e+00
   4.4800000e-01  -4.9028715e+00
   4.4900000e-01  -4.9123879e+00
   4.5000000e-01  -4.9219679e+00
   4.5100000e-01  -4.9316123e+00
   4.5200000e-01  -4.9413217e+00
   4.5300000e-01  -4.9510965e+00
   4.5400000e-01  -4.9609374e+00
   4.5500000e-01  -4.9708450e+00
   4.5600000e-01  -4.9808199e+00
   4.5700000e-01  -4.9908628e+00
   4.5800000e-01  -5.0009742e+00
   4.5900000e-01  -5.0111549e+00
   4.6000000e-01  -5.0214053e+00
   4.6100000e-01  -5.0317263e+00
   4.6200000e-01  -5.0421185e+00
   4.6300000e-01  -5.0525824e+00
   4.6400000e-01  -5.0631189e+00
   4.6500000e-01  -5.0737286e+00
   4.6600000e-01  -5.0844122e+00
   4.6700000e-01  -5.0951703e+00
   4.6800000e-01  -5.1060038e+00
   4.6900000e-01  -5.1169133e+00
   4.7000000e-01  -5.1278996e+00
   4.7100000e-01  -5.1389635e+00
   4.7200000e-01  -5.1501055e+00
   4.7300000e-01  -5.1613266e+00
   4.7400000e-01  -5.1726276e+00
   4.7500000e-01  -5.1840091e+00
   4.7600000e-01  -5.1954720e+00
   4.7700000e-01  -5.2070171e+00
   4.7800000e-01  -5.2186452e+00
   4.7900000e-01  -5.2303571e+00
   4.8000000e-01  -5.2421537e+00
   4.8100000e-01  -5.2540359e+00
   4.8200000e-01  -5.2660044e+00
   4.8300000e-01  -5.2780602e+00
   4.8400000e-01  -5.2902041e+00
   4.8500000e-01  -5.3024371e+00
   4.8600000e-01  -5.3147601e+00
   4.8700000e-01  -5.3271739e+00
   4.8800000e-01  -5.3396796e+00
   4.8900000e-01  -5.3522780e+00
   4.9000000e-01  -5.3649702e+00
   4.9100000e-01  -5.3777571e+00
   4.9200000e-01  -5.3906397e+00
   4.9300000e-01  -5.4036190e+00
   4.9400000e-01  -5.4166961e+00
   4.9500000e-01  -5.4298719e+00
   4.9600000e-01  -5.4431475e+00
   4.9700000e-01  -5.4565240e+00
   4.9800000e-01  -5.4700025e+00
   4.9900000e-01  -5.4835840e+00
   5.0000000e-01  -5.4972697e+00
   5.0100000e-01  -5.5110608e+00
   5.0200000e-01  -5.5249582e+00
   5.0300000e-01  -5.5389633e+00
   5.0400000e-01  -5.5530771e+00
   5.0500000e-01  -5.5673010e+00
   5.0600000e-01  -5.5816361e+00
   5.0700000e-01  -5.5960836e+00
   5.0800000e-01  -5.6106447e+00
   5.0900000e-01  -5.6253209e+00
   5.1000000e-01  -5.6401133e+00
   5.1100000e-01  -5.6550233e+00
   5.1200000e-01  -5.6700521e+00
   5.1300000e-01  -5.6852013e+00
   5.1400000e-01  -5.7004720e+00
   5.1500000e-01  -5.7158657e+00
   5.1600000e-01  -5.7313839e+00
   5.1700000e-01  -5.7470280e+00
   5.1800000e-01  -5.7627994e+00
   5.1900000e-01  -5.7786996e+00
   5.2000000e-01  -5.7947301e+00
   5.2100000e-01  -5.8108924e+00
   5.2200000e-01  -5.8271882e+00
   5.2300000e-01  -5.8436189e+00
   5.2400000e-01  -5.8601863e+00
   5.2500000e-01  -5.8768919e+00
   5.2600000e-01  -5.8937373e+00
   5.2700000e-01  -5.9107243e+00
   5.2800000e-01  -5.9278546e+00
   5.2900000e-01  -5.9451299e+00
   5.3000000e-01  -5.9625520e+00
   5.3100000e-01  -5.9801227e+00
   5.3200000e-01  -5.9978438e+00
   5.3300000e-01  -6.0157172e+00
   5.3400000e-01  -6.0337447e+00
   5.3500000e-01  -6.0519284e+00
   5.3600000e-01  -6.0702701e+00
   5.3700000e-01  -6.0887718e+00
   5.3800000e-01  -6.1074355e+00
   5.3900000e-01  -6.1262634e+00
   5.4000000e-01  -6.1452575e+00
   5.4100000e-01  -6.1644199e+00
   5.4200000e-01  -6.1837528e+00
   5.4300000e-01  -6.2032584e+00
   5.4400000e-01  -6.2229389e+00
   5.4500000e-01  -6.2427966e+00
   5.4600000e-01  -6.2628339e+00
   5.4700000e-01  -6.2830531e+00
   5.4800000e-01  -6.3034566e+00
   5.4900000e-01  -6.3240469e+00
   5.5000000e-01  -6.3448264e+00
   5.5100000e-01  -6.3657976e+00
   5.5200000e-01  -6.3869633e+00
   5.5300000e-01  -6.4083259e+00
   5.5400000e-01  -6.4298882e+00
   5.5500000e-01  -6.4516528e+00
   5.5600000e-01  -6.4736227e+00
   5.5700000e-01  -6.4958006e+00
   5.5800000e-01  -6.5181893e+00
   5.5900000e-01  -6.5407918e+00
   5.6000000e-01  -6.5636112e+00
   5.6100000e-01  -6.5866504e+00
   5.6200000e-01  -6.6099125e+00
   5.6300000e-01  -6.6334008e+00
   5.6400000e-01  -6.6571184e+00
   5.6500000e-01  -6.6810686e+00
   5.6600000e-01  -6.7052549e+00
   5.6700000e-01  -6.7296805e+00
   5.6800000e-01  -6.7543490e+00
   5.6900000e-01  -6.7792639e+00
   5.7000000e-01  -6.8044288e+00
   5.7100000e-01  -6.8298475e+00
   5.7200000e-01  -6.8555237e+00
   5.7300000e-01  -6.8814613e+00
   5.7400000e-01  -6.9076641e+00
   5.7500000e-01  -6.9341362e+00
   5.7600000e-01  -6.9608816e+00
   5.7700000e-01  -6.9879045e+00
   5.7800000e-01  -7.0152092e+00
   5.7900000e-01  -7.0428000e+00
   5.8000000e-01  -7.0706813e+00
   5.8100000e-01  -7.0988576e+00
   5.8200000e-01  -7.1273336e+00
   5.8300000e-01  -7.1561139e+00
   5.8400000e-01  -7.1852034e+00
   5.8500000e-01  -7.2146070e+00
   5.8600000e-01  -7.2443297e+00
   5.8700000e-01  -7.2743766e+00
   5.8800000e-01  -7.3047529e+00
   5.8900000e-01  -7.3354641e+00
   5.9000000e-01  -7.3665156e+00
   5.9100000e-01  -7.3979130e+00
   5.9200000e-01  -7.4296619e+00
   5.9300000e-01  -7.4617683e+00
   5.9400000e-01  -7.4942381e+00
   5.9500000e-01  -7.5270773e+00
   5.9600000e-01  -7.5602924e+00
   5.9700000e-01  -7.5938895e+00
   5.9800000e-01  -7.6278754e+00
   5.9900000e-01  -7.6622566e+00
   6.0000000e-01  -7.6970399e+00
   6.0100000e-01  -7.7322325e+00
   6.0200000e-01  -7.7678414e+00
   6.0300000e-01  -7.8038741e+00
   6.0400000e-01  -7.8403378e+00
   6.0500000e-01  -7.8772405e+00
   6.0600000e-01  -7.9145899e+00
   6.0700000e-01  -7.9523941e+00
   6.0800000e-01  -7.9906613e+00
   6.0900000e-01  -8.0294001e+00
   6.1000000e-01  -8.0686190e+00
   6.1100000e-01  -8.1083270e+00
   6.1200000e-01  -8.1485331e+00
   6.1300000e-01  -8.1892467e+00
   6.1400000e-01  -8.2304773e+00
   6.1500000e-01  -8.2722348e+00
   6.1600000e-01  -8.3145291e+00
   6.1700000e-01  -8.3573707e+00
   6.1800000e-01  -8.4007701e+00
   6.1900000e-01  -8.4447381e+00
   6.2000000e-01  -8.4892859e+00
   6.2100000e-01  -8.5344250e+00
   6.2200000e-01  -8.5801670e+00
   6.2300000e-01  -8.6265240e+00
   6.2400000e-01  -8.6735085e+00
   6.2500000e-01  -8.7211330e+00
   6.2600000e-01  -8.7694108e+00
   6.2700000e-01  -8.8183551e+00
   6.2800000e-01  -8.8679798e+00
   6.2900000e-01  -8.9182991e+00
   6.3000000e-01  -8.9693275e+00
   6.3100000e-01  -9.0210800e+00
   6.3200000e-01  -9.0735720e+00
   6.3300000e-01  -9.1268195e+00
   6.3400000e-01  -9.1808386e+00
   6.3500000e-01  -9.2356462e+00
   6.3600000e-01  -9.2912595e+00
   6.3700000e-01  -9.3476964e+00
   6.3800000e-01  -9.4049751e+00
   6.3900000e-01  -9.4631146e+00
   6.4000000e-01  -9.5221342e+00
   6.4100000e-01  -9.5820539e+00
   6.4200000e-01  -9.6428945e+00
   6.4300000e-01  -9.7046772e+00
   6.4400000e-01  -9.7674238e+00
   6.4500000e-01  -9.8311571e+00
   6.4600000e-01  -9.8959004e+00
   6.4700000e-01  -9.9616778e+00
   6.4800000e-01  -1.0028514e+01
   6.4900000e-01  -1.0096435e+01
   6.5000000e-01  -1.0165467e+01
   6.5100000e-01  -1.0235637e+01
   6.5200000e-01  -1.0306974e+01
   6.5300000e-01  -1.0379507e+01
   6.5400000e-01  -1.0453267e+01
   6.5500000e-01  -1.0528283e+01
   6.5600000e-01  -1.0604589e+01
   6.5700000e-01  -1.0682219e+01
   6.5800000e-01  -1.0761206e+01
   6.5900000e-01  -1.0841587e+01
   6.6000000e-01  -1.0923398e+01
   6.6100000e-01  -1.1006679e+01
   6.6200000e-01  -1.1091468e+01
   6.6300000e-01  -1.1177808e+01
   6.6400000e-01  -1.1265740e+01
   6.6500000e-01  -1.1355310e+01
   6.6600000e-01  -1.1446563e+01
   6.6700000e-01  -1.1539547e+01
   6.6800000e-01  -1.1634312e+01
   6.6900000e-01  -1.1730909e+01
   6.7000000e-01  -1.1829392e+01
   6.7100000e-01  -1.1929817e+01
   6.7200000e-01  -1.2032240e+01
   6.7300000e-01  -1.2136724e+01
   6.7400000e-01  -1.2243329e+01
   6.7500000e-01  -1.2352122e+01
   6.7600000e-01  -1.2463171e+01
   6.7700000e-01  -1.2576545e+01
   6.7800000e-01  -1.2692319e+01
   6.7900000e-01  -1.2810570e+01
   6.8000000e-01  -1.2931377e+01
   6.8100000e-01  -1.3054825e+01
   6.8200000e-01  -1.3181002e+01
   6.8300000e-01  -1.3309997e+01
   6.8400000e-01  -1.3441908e+01
   6.8500000e-01  -1.3576833e+01
   6.8600000e-01  -1.3714878e+01
   6.8700000e-01  -1.3856151e+01
   6.8800000e-01  -1.4000766e+01
   6.8900000e-01  -1.4148845e+01
   6.9000000e-01  -1.4300513e+01
   6.9100000e-01  -1.4455901e+01
   6.9200000e-01  -1.4615148e+01
   6.9300000e-01  -1.4778401e+01
   6.9400000e-01  -1.4945811e+01
   6.9500000e-01  -1.5117539e+01
   6.9600000e-01  -1.5293755e+01
   6.9700000e-01  -1.5474637e+01
   6.9800000e-01  -1.5660373e+01
   6.9900000e-01  -1.5851160e+01
   7.0000000e-01  -1.6047207e+01
   7.0100000e-01  -1.6248735e+01
   7.0200000e-01  -1.6455978e+01
   7.0300000e-01  -1.6669180e+01
   7.0400000e-01  -1.6888604e+01
   7.0500000e-01  -1.7114526e+01
   7.0600000e-01  -1.7347239e+01
   7.0700000e-01  -1.7587052e+01
   7.0800000e-01  -1.7834298e+01
   7.0900000e-01  -1.8089325e+01
   7.1000000e-01  -1.8352508e+01
   7.1100000e-01  -1.8624245e+01
   7.1200000e-01  -1.8904959e+01
   7.1300000e-01  -1.9195102e+01
   7.1400000e-01  -1.9495158e+01
   7.1500000e-01  -1.9805644e+01