   0.0000000e+00  -6.1323800e+00
   1.0000000e-03  -6.1323925e+00
   2.0000000e-03  -6.1324299e+00
   3.0000000e-03  -6.1324922e+00
   4.0000000e-03  -6.1325795e+00
   5.0000000e-03  -6.1326917e+00
   6.0000000e-03  -6.1328289e+00
   7.0000000e-03  -6.1329910e+00
   8.0000000e-03  -6.1331781e+00
   9.0000000e-03  -6.1333901e+00
   1.0000000e-02  -6.1336271e+00
   1.1000000e-02  -6.1338890e+00
   1.2000000e-02  -6.1341759e+00
   1.3000000e-02  -6.1344879e+00
   1.4000000e-02  -6.1348248e+00
   1.5000000e-02  -6.1351867e+00
   1.6000000e-02  -6.1355736e+00
   1.7000000e-02  -6.1359855e+00
   1.8000000e-02  -6.1364225e+00
   1.9000000e-02  -6.1368846e+00
   2.0000000e-02  -6.1373716e+00
   2.1000000e-02  -6.1378838e+00
   2.2000000e-02  -6.1384210e+00
   2.3000000e-02  -6.1389834e+00
   2.4000000e-02  -6.1395709e+00
   2.5000000e-02  -6.1401835e+00
   2.6000000e-02  -6.1408212e+00
   2.7000000e-02  -6.1414841e+00
   2.8000000e-02  -6.1421722e+00
   2.9000000e-02  -6.1428855e+00
   3.0000000e-02  -6.1436240e+00
   3.1000000e-02  -6.1443878e+00
   3.2000000e-02  -6.1451769e+00
   3.3000000e-02  -6.1459912e+00
   3.4000000e-02  -6.1468308e+00
   3.5000000e-02  -6.1476958e+00
   3.6000000e-02  -6.1485861e+00
   3.7000000e-02  -6.1495018e+00
   3.8000000e-02  -6.1504429e+00
   3.9000000e-02  -6.1514095e+00
   4.0000000e-02  -6.1524015e+00
   4.1000000e-02  -6.1534190e+00
   4.2000000e-02  -6.1544620e+00
   4.3000000e-02  -6.1555305e+00
   4.4000000e-02  -6.1566247e+00
   4.5000000e-02  -6.1577444e+00
   4.6000000e-02  -6.1588898e+00
   4.7000000e-02  -6.1600608e+00
   4.8000000e-02  -6.1612575e+00
   4.9000000e-02  -6.1624800e+00
   5.0000000e-02  -6.1637282e+00
   5.1000000e-02  -6.1650023e+00
   5.2000000e-02  -6.1663021e+00
   5.3000000e-02  -6.1676279e+00
   5.4000000e-02  -6.1689795e+00
   5.5000000e-02  -6.1703571e+00
   5.6000000e-02  -6.1717607e+00
   5.7000000e-02  -6.1731903e+00
   5.8000000e-02  -6.1746460e+00
   5.9000000e-02  -6.1761278e+00
   6.0000000e-02  -6.1776358e+00
   6.1000000e-02  -6.1791699e+00
   6.2000000e-02  -6.1807303e+00
   6.3000000e-02  -6.1823169e+00
   6.4000000e-02  -6.1839299e+00
   6.5000000e-02  -6.1855692e+00
   6.6000000e-02  -6.1872350e+00
   6.7000000e-02  -6.1889272e+00
   6.8000000e-02  -6.1906459e+00
   6.9000000e-02  -6.1923912e+00
   7.0000000e-02  -6.1941631e+00
   7.1000000e-02  -6.1959616e+00
   7.2000000e-02  -6.1977869e+00
   7.3000000e-02  -6.1996389e+00
   7.4000000e-02  -6.2015177e+00
   7.5000000e-02  -6.2034234e+00
   7.6000000e-02  -6.2053560e+00
   7.7000000e-02  -6.2073156e+00
   7.8000000e-02  -6.2093022e+00
   7.9000000e-02  -6.2113159e+00
   8.0000000e-02  -6.2133568e+00
   8.1000000e-02  -6.2154248e+00
   8.2000000e-02  -6.2175202e+00
   8.3000000e-02  -6.2196428e+00
   8.4000000e-02  -6.2217928e+00
   8.5000000e-02  -6.2239703e+00
   8.6000000e-02  -6.2261753e+00
   8.7000000e-02  -6.2284079e+00
   8.8000000e-02  -6.2306681e+00
   8.9000000e-02  -6.2329560e+00
   9.0000000e-02  -6.2352717e+00
   9.1000000e-02  -6.2376152e+00
   9.2000000e-02  -6.2399866e+00
   9.3000000e-02  -6.2423860e+00
   9.4000000e-02  -6.2448134e+00
   9.5000000e-02  -6.2472690e+00
   9.6000000e-02  -6.2497527e+00
   9.7000000e-02  -6.2522647e+00
   9.8000000e-02  -6.2548050e+00
   9.9000000e-02  -6.2573737e+00
   1.0000000e-01  -6.2599709e+00
   1.0100000e-01  -6.2625967e+00
   1.0200000e-01  -6.2652511e+00
   1.0300000e-01  -6.2679342e+00
   1.0400000e-01  -6.2706461e+00
   1.0500000e-01  -6.2733869e+00
   1.0600000e-01  -6.2761566e+00
   1.0700000e-01  -6.2789554e+00
   1.0800000e-01  -6.2817833e+00
   1.0900000e-01  -6.2846404e+00
   1.1000000e-01  -6.2875267e+00
   1.1100000e-01  -6.2904425e+00
   1.1200000e-01  -6.2933877e+00
   1.1300000e-01  -6.2963624e+00
   1.1400000e-01  -6.2993668e+00
   1.1500000e-01  -6.3024010e+00
   1.1600000e-01  -6.3054649e+00
   1.1700000e-01  -6.3085587e+00
   1.1800000e-01  -6.3116826e+00
   1.1900000e-01  -6.3148365e+00
   1.2000000e-01  -6.3180207e+00
   1.2100000e-01  -6.3212351e+00
   1.2200000e-01  -6.3244800e+00
   1.2300000e-01  -6.3277553e+00
   1.2400000e-01  -6.3310612e+00
   1.2500000e-01  -6.3343977e+00
   1.2600000e-01  -6.3377651e+00
   1.2700000e-01  -6.3411634e+00
   1.2800000e-01  -6.3445926e+00
   1.2900000e-01  -6.3480530e+00
   1.3000000e-01  -6.3515446e+00
   1.3100000e-01  -6.3550675e+00
   1.3200000e-01  -6.3586218e+00
   1.3300000e-01  -6.3622076e+00
   1.3400000e-01  -6.3658251e+00
   1.3500000e-01  -6.3694744e+00
   1.3600000e-01  -6.3731555e+00
   1.3700000e-01  -6.3768686e+00
   1.3800000e-01  -6.3806138e+00
   1.3900000e-01  -6.3843912e+00
   1.4000000e-01  -6.3882010e+00
   1.4100000e-01  -6.3920432e+00
   1.4200000e-01  -6.3959180e+00
   1.4300000e-01  -6.3998255e+00
   1.4400000e-01  -6.4037658e+00
   1.4500000e-01  -6.4077391e+00
   1.4600000e-01  -6.4117455e+00
   1.4700000e-01  -6.4157850e+00
   1.4800000e-01  -6.4198579e+00
   1.4900000e-01  -6.4239643e+00
   1.5000000e-01  -6.4281042e+00
   1.5100000e-01  -6.4322779e+00
   1.5200000e-01  -6.4364854e+00
   1.5300000e-01  -6.4407269e+00
   1.5400000e-01  -6.4450026e+00
   1.5500000e-01  -6.4493125e+00
   1.5600000e-01  -6.4536568e+00
   1.5700000e-01  -6.4580357e+00
   1.5800000e-01  -6.4624493e+00
   1.5900000e-01  -6.4668977e+00
   1.6000000e-01  -6.4713811e+00
   1.6100000e-01  -6.4758997e+00
   1.6200000e-01  -6.4804535e+00
   1.6300000e-01  -6.4850428e+00
   1.6400000e-01  -6.4896676e+00
   1.6500000e-01  -6.4943281e+00
   1.6600000e-01  -6.4990246e+00
   1.6700000e-01  -6.5037571e+00
   1.6800000e-01  -6.5085258e+00
   1.6900000e-01  -6.5133308e+00
   1.7000000e-01  -6.5181724e+00
   1.7100000e-01  -6.5230507e+00
   1.7200000e-01  -6.5279658e+00
   1.7300000e-01  -6.5329180e+00
   1.7400000e-01  -6.5379073e+00
   1.7500000e-01  -6.5429339e+00
   1.7600000e-01  -6.5479981e+00
   1.7700000e-01  -6.5531000e+00
   1.7800000e-01  -6.5582398e+00
   1.7900000e-01  -6.5634176e+00
   1.8000000e-01  -6.5686336e+00
   1.8100000e-01  -6.5738880e+00
   1.8200000e-01  -6.5791811e+00
   1.8300000e-01  -6.5845128e+00
   1.8400000e-01  -6.5898836e+00
   1.8500000e-01  -6.5952935e+00
   1.8600000e-01  -6.6007427e+00
   1.8700000e-01  -6.6062314e+00
   1.8800000e-01  -6.6117598e+00
   1.8900000e-01  -6.6173282e+00
   1.9000000e-01  -6.6229366e+00
   1.9100000e-01  -6.6285854e+00
   1.9200000e-01  -6.6342746e+00
   1.9300000e-01  -6.6400045e+00
   1.9400000e-01  -6.6457754e+00
   1.9500000e-01  -6.6515874e+00
   1.9600000e-01  -6.6574407e+00
   1.9700000e-01  -6.6633355e+00
   1.9800000e-01  -6.6692721e+00
   1.9900000e-01  -6.6752506e+00
   2.0000000e-01  -6.6812713e+00
   2.0100000e-01  -6.6873344e+00
   2.0200000e-01  -6.6934401e+00
   2.0300000e-01  -6.6995887e+00
   2.0400000e-01  -6.7057803e+00
   2.0500000e-01  -6.7120152e+00
   2.0600000e-01  -6.7182937e+00
   2.0700000e-01  -6.7246159e+00
   2.0800000e-01  -6.7309820e+00
   2.0900000e-01  -6.7373925e+00
   2.1000000e-01  -6.7438473e+00
   2.1100000e-01  -6.7503469e+00
   2.1200000e-01  -6.7568915e+00
   2.1300000e-01  -6.7634812e+00
   2.1400000e-01  -6.7701164e+00
   2.1500000e-01  -6.7767973e+00
   2.1600000e-01  -6.7835242e+00
   2.1700000e-01  -6.7902972e+00
   2.1800000e-01  -6.7971168e+00
   2.1900000e-01  -6.8039830e+00
   2.2000000e-01  -6.8108963e+00
   2.2100000e-01  -6.8178568e+00
   2.2200000e-01  -6.8248649e+00
   2.2300000e-01  -6.8319208e+00
   2.2400000e-01  -6.8390247e+00
   2.2500000e-01  -6.8461771e+00
   2.2600000e-01  -6.8533780e+00
   2.2700000e-01  -6.8606279e+00
   2.2800000e-01  -6.8679270e+00
   2.2900000e-01  -6.8752756e+00
   2.3000000e-01  -6.8826740e+00
   2.3100000e-01  -6.8901225e+00
   2.3200000e-01  -6.8976214e+00
   2.3300000e-01  -6.9051710e+00
   2.3400000e-01  -6.9127716e+00
   2.3500000e-01  -6.9204235e+00
   2.3600000e-01  -6.9281270e+00
   2.3700000e-01  -6.9358824e+00
   2.3800000e-01  -6.9436901e+00
   2.3900000e-01  -6.9515503e+00
   2.4000000e-01  -6.9594635e+00
   2.4100000e-01  -6.9674298e+00
   2.4200000e-01  -6.9754497e+00
   2.4300000e-01  -6.9835235e+00
   2.4400000e-01  -6.9916515e+00
   2.4500000e-01  -6.9998341e+00
   2.4600000e-01  -7.0080716e+00
   2.4700000e-01  -7.0163644e+00
   2.4800000e-01  -7.0247127e+00
   2.4900000e-01  -7.0331170e+00
   2.5000000e-01  -7.0415777e+00
   2.5100000e-01  -7.0500950e+00
   2.5200000e-01  -7.0586694e+00
   2.5300000e-01  -7.0673012e+00
   2.5400000e-01  -7.0759908e+00
   2.5500000e-01  -7.0847386e+00
   2.5600000e-01  -7.0935450e+00
   2.5700000e-01  -7.1024103e+00
   2.5800000e-01  -7.1113349e+00
   2.5900000e-01  -7.1203193e+00
   2.6000000e-01  -7.1293638e+00
   2.6100000e-01  -7.1384688e+00
   2.6200000e-01  -7.1476348e+00
   2.6300000e-01  -7.1568621e+00
   2.6400000e-01  -7.1661512e+00
   2.6500000e-01  -7.1755025e+00
   2.6600000e-01  -7.1849164e+00
   2.6700000e-01  -7.1943934e+00
   2.6800000e-01  -7.2039339e+00
   2.6900000e-01  -7.2135382e+00
   2.7000000e-01  -7.2232069e+00
   2.7100000e-01  -7.2329405e+00
   2.7200000e-01  -7.2427393e+00
   2.7300000e-01  -7.2526038e+00
   2.7400000e-01  -7.2625346e+00
   2.7500000e-01  -7.2725319e+00
   2.7600000e-01  -7.2825964e+00
   2.7700000e-01  -7.2927286e+00
   2.7800000e-01  -7.3029288e+00
   2.7900000e-01  -7.3131976e+00
   2.8000000e-01  -7.3235355e+00
   2.8100000e-01  -7.3339429e+00
   2.8200000e-01  -7.3444205e+00
   2.8300000e-01  -7.3549686e+00
   2.8400000e-01  -7.3655879e+00
   2.8500000e-01  -7.3762787e+00
   2.8600000e-01  -7.3870418e+00
   2.8700000e-01  -7.3978776e+00
   2.8800000e-01  -7.4087865e+00
   2.8900000e-01  -7.4197693e+00
   2.9000000e-01  -7.4308264e+00
   2.9100000e-01  -7.4419585e+00
   2.9200000e-01  -7.4531660e+00
   2.9300000e-01  -7.4644495e+00
   2.9400000e-01  -7.4758096e+00
   2.9500000e-01  -7.4872469e+00
   2.9600000e-01  -7.4987621e+00
   2.9700000e-01  -7.5103556e+00
   2.9800000e-01  -7.5220281e+00
   2.9900000e-01  -7.5337802e+00
   3.0000000e-01  -7.5456126e+00
   3.0100000e-01  -7.5575257e+00
   3.0200000e-01  -7.5695204e+00
   3.0300000e-01  -7.5815972e+00
   3.0400000e-01  -7.5937568e+00
   3.0500000e-01  -7.6059998e+00
   3.0600000e-01  -7.6183269e+00
   3.0700000e-01  -7.6307388e+00
   3.0800000e-01  -7.6432361e+00
   3.0900000e-01  -7.6558196e+00
   3.1000000e-01  -7.6684899e+00
   3.1100000e-01  -7.6812477e+00
   3.1200000e-01  -7.6940937e+00
   3.1300000e-01  -7.7070288e+00
   3.1400000e-01  -7.7200535e+00
   3.1500000e-01  -7.7331686e+00
   3.1600000e-01  -7.7463749e+00
   3.1700000e-01  -7.7596732e+00
   3.1800000e-01  -7.7730642e+00
   3.1900000e-01  -7.7865486e+00
   3.2000000e-01  -7.8001273e+00
   3.2100000e-01  -7.8138010e+00
   3.2200000e-01  -7.8275706e+00
   3.2300000e-01  -7.8414368e+00
   3.2400000e-01  -7.8554005e+00
   3.2500000e-01  -7.8694625e+00
   3.2600000e-01  -7.8836237e+00
   3.2700000e-01  -7.8978849e+00
   3.2800000e-01  -7.9122470e+00
   3.2900000e-01  -7.9267108e+00
   3.3000000e-01  -7.9412773e+00
   3.3100000e-01  -7.9559473e+00
   3.3200000e-01  -7.9707217e+00
   3.3300000e-01  -7.9856015e+00
   3.3400000e-01  -8.0005875e+00
   3.3500000e-01  -8.0156808e+00
   3.3600000e-01  -8.0308823e+00
   3.3700000e-01  -8.0461929e+00
   3.3800000e-01  -8.0616136e+00
   3.3900000e-01  -8.0771455e+00
   3.4000000e-01  -8.0927894e+00
   3.4100000e-01  -8.1085465e+00
   3.4200000e-01  -8.1244178e+00
   3.4300000e-01  -8.1404043e+00
   3.4400000e-01  -8.1565070e+00
   3.4500000e-01  -8.1727270e+00
   3.4600000e-01  -8.1890655e+00
   3.4700000e-01  -8.2055235e+00
   3.4800000e-01  -8.2221021e+00
   3.4900000e-01  -8.2388025e+00
   3.5000000e-01  -8.2556257e+00
   3.5100000e-01  -8.2725730e+00
   3.5200000e-01  -8.2896455e+00
   3.5300000e-01  -8.3068444e+00
   3.5400000e-01  -8.3241710e+00
   3.5500000e-01  -8.3416263e+00
   3.5600000e-01  -8.3592118e+00
   3.5700000e-01  -8.3769285e+00
   3.5800000e-01  -8.3947779e+00
   3.5900000e-01  -8.4127611e+00
   3.6000000e-01  -8.4308795e+00
   3.6100000e-01  -8.4491344e+00
   3.6200000e-01  -8.4675271e+00
   3.6300000e-01  -8.4860591e+00
   3.6400000e-01  -8.5047316e+00
   3.6500000e-01  -8.5235461e+00
   3.6600000e-01  -8.5425040e+00
   3.6700000e-01  -8.5616067e+00
   3.6800000e-01  -8.5808557e+00
   3.6900000e-01  -8.6002524e+00
   3.7000000e-01  -8.6197984e+00
   3.7100000e-01  -8.6394952e+00
   3.7200000e-01  -8.6593443e+00
   3.7300000e-01  -8.6793472e+00
   3.7400000e-01  -8.6995056e+00
   3.7500000e-01  -8.7198211e+00
   3.7600000e-01  -8.7402952e+00
   3.7700000e-01  -8.7609297e+00
   3.7800000e-01  -8.7817262e+00
   3.7900000e-01  -8.8026864e+00
   3.8000000e-01  -8.8238121e+00
   3.8100000e-01  -8.8451049e+00
   3.8200000e-01  -8.8665668e+00
   3.8300000e-01  -8.8881993e+00
   3.8400000e-01  -8.9100045e+00
   3.8500000e-01  -8.9319841e+00
   3.8600000e-01  -8.9541401e+00
   3.8700000e-01  -8.9764743e+00
   3.8800000e-01  -8.9989887e+00
   3.8900000e-01  -9.0216853e+00
   3.9000000e-01  -9.0445660e+00
   3.9100000e-01  -9.0676329e+00
   3.9200000e-01  -9.0908880e+00
   3.9300000e-01  -9.1143335e+00
   3.9400000e-01  -9.1379714e+00
   3.9500000e-01  -9.1618039e+00
   3.9600000e-01  -9.1858332e+00
   3.9700000e-01  -9.2100616e+00
   3.9800000e-01  -9.2344912e+00
   3.9900000e-01  -9.2591244e+00
   4.0000000e-01  -9.2839635e+00
   4.0100000e-01  -9.3090109e+00
   4.0200000e-01  -9.3342689e+00
   4.0300000e-01  -9.3597401e+00
   4.0400000e-01  -9.3854268e+00
   4.0500000e-01  -9.4113316e+00
   4.0600000e-01  -9.4374571e+00
   4.0700000e-01  -9.4638058e+00
   4.0800000e-01  -9.4903804e+00
   4.0900000e-01  -9.5171837e+00
   4.1000000e-01  -9.5442182e+00
   4.1100000e-01  -9.5714868e+00
   4.1200000e-01  -9.5989923e+00
   4.1300000e-01  -9.6267376e+00
   4.1400000e-01  -9.6547256e+00
   4.1500000e-01  -9.6829592e+00
   4.1600000e-01  -9.7114415e+00
   4.1700000e-01  -9.7401754e+00
   4.1800000e-01  -9.7691642e+00
   4.1900000e-01  -9.7984109e+00
   4.2000000e-01  -9.8279189e+00
   4.2100000e-01  -9.8576913e+00
   4.2200000e-01  -9.8877315e+00
   4.2300000e-01  -9.9180429e+00
   4.2400000e-01  -9.9486289e+00
   4.2500000e-01  -9.9794931e+00
   4.2600000e-01  -1.0010639e+01
   4.2700000e-01  -1.0042070e+01
   4.2800000e-01  -1.0073790e+01
   4.2900000e-01  -1.0105803e+01
   4.3000000e-01  -1.0138113e+01
   4.3100000e-01  -1.0170723e+01
   4.3200000e-01  -1.0203637e+01
   4.3300000e-01  -1.0236860e+01
   4.3400000e-01  -1.0270395e+01
   4.3500000e-01  -1.0304247e+01
   4.3600000e-01  -1.0338420e+01
   4.3700000e-01  -1.0372919e+01
   4.3800000e-01  -1.0407747e+01
   4.3900000e-01  -1.0442909e+01
   4.4000000e-01  -1.0478410e+01
   4.4100000e-01  -1.0514254e+01
   4.4200000e-01  -1.0550447e+01
   4.4300000e-01  -1.0586992e+01
   4.4400000e-01  -1.0623896e+01
   4.4500000e-01  -1.0661162e+01
   4.4600000e-01  -1.0698797e+01
   4.4700000e-01  -1.0736805e+01
   4.4800000e-01  -1.0775191e+01
   4.4900000e-01  -1.0813961e+01
   4.5000000e-01  -1.0853121e+01
   4.5100000e-01  -1.0892676e+01
   4.5200000e-01  -1.0932632e+01
   4.5300000e-01  -1.0972994e+01
   4.5400000e-01  -1.1013769e+01
   4.5500000e-01  -1.1054963e+01
   4.5600000e-01  -1.1096582e+01
   4.5700000e-01  -1.1138631e+01
   4.5800000e-01  -1.1181119e+01
   4.5900000e-01  -1.1224051e+01
   4.6000000e-01  -1.1267434e+01
   4.6100000e-01  -1.1311275e+01
   4.6200000e-01  -1.1355580e+01
   4.6300000e-01  -1.1400358e+01
   4.6400000e-01  -1.1445615e+01
   4.6500000e-01  -1.1491359e+01
   4.6600000e-01  -1.1537597e+01
   4.6700000e-01  -1.1584337e+01
   4.6800000e-01  -1.1631587e+01
   4.6900000e-01  -1.1679355e+01
   4.7000000e-01  -1.1727649e+01
   4.7100000e-01  -1.1776478e+01
   4.7200000e-01  -1.1825851e+01
   4.7300000e-01  -1.1875775e+01
   4.7400000e-01  -1.1926261e+01
   4.7500000e-01  -1.1977318e+01
   4.7600000e-01  -1.2028954e+01
   4.7700000e-01  -1.2081180e+01
   4.7800000e-01  -1.2134004e+01
   4.7900000e-01  -1.2187439e+01
   4.8000000e-01  -1.2241493e+01
   4.8100000e-01  -1.2296176e+01
   4.8200000e-01  -1.2351501e+01
   4.8300000e-01  -1.2407478e+01
   4.8400000e-01  -1.2464118e+01
   4.8500000e-01  -1.2521432e+01
   4.8600000e-01  -1.2579433e+01
   4.8700000e-01  -1.2638132e+01
   4.8800000e-01  -1.2697542e+01
   4.8900000e-01  -1.2757676e+01
   4.9000000e-01  -1.2818546e+01
   4.9100000e-01  -1.2880166e+01
   4.9200000e-01  -1.2942549e+01
   4.9300000e-01  -1.3005709e+01
   4.9400000e-01  -1.3069660e+01
   4.9500000e-01  -1.3134418e+01
   4.9600000e-01  -1.3199997e+01
   4.9700000e-01  -1.3266412e+01
   4.9800000e-01  -1.3333679e+01
   4.9900000e-01  -1.3401815e+01
   5.0000000e-01  -1.3470835e+01
   5.0100000e-01  -1.3540757e+01
   5.0200000e-01  -1.3611599e+01
   5.0300000e-01  -1.3683377e+01
   5.0400000e-01  -1.3756111e+01
   5.0500000e-01  -1.3829819e+01
   5.0600000e-01  -1.3904520e+01
   5.0700000e-01  -1.3980235e+01
   5.0800000e-01  -1.4056983e+01
   5.0900000e-01  -1.4134786e+01
   5.1000000e-01  -1.4213665e+01
   5.1100000e-01  -1.4293643e+01
   5.1200000e-01  -1.4374741e+01
   5.1300000e-01  -1.4456983e+01
   5.1400000e-01  -1.4540394e+01
   5.1500000e-01  -1.4624997e+01
   5.1600000e-01  -1.4710818e+01
   5.1700000e-01  -1.4797884e+01
   5.1800000e-01  -1.4886220e+01
   5.1900000e-01  -1.4975855e+01
   5.2000000e-01  -1.5066817e+01
   5.2100000e-01  -1.5159136e+01
   5.2200000e-01  -1.5252840e+01
   5.2300000e-01  -1.5347962e+01
   5.2400000e-01  -1.5444534e+01
   5.2500000e-01  -1.5542587e+01
   5.2600000e-01  -1.5642157e+01
   5.2700000e-01  -1.5743278e+01
   5.2800000e-01  -1.5845986e+01
   5.2900000e-01  -1.5950318e+01
   5.3000000e-01  -1.6056313e+01
   5.3100000e-01  -1.6164010e+01
   5.3200000e-01  -1.6273450e+01
   5.3300000e-01  -1.6384676e+01
   5.3400000e-01  -1.6497730e+01
   5.3500000e-01  -1.6612659e+01
   5.3600000e-01  -1.6729507e+01
   5.3700000e-01  -1.6848324e+01
   5.3800000e-01  -1.6969158e+01