   0.0000000e+00  -1.7973100e+00
   1.0000000e-03  -1.7973117e+00
   2.0000000e-03  -1.7973168e+00
   3.0000000e-03  -1.7973254e+00
   4.0000000e-03  -1.7973373e+00
   5.0000000e-03  -1.7973527e+00
   6.0000000e-03  -1.7973714e+00
   7.0000000e-03  -1.7973936e+00
   8.0000000e-03  -1.7974192e+00
   9.0000000e-03  -1.7974482e+00
   1.0000000e-02  -1.7974806e+00
   1.1000000e-02  -1.7975165e+00
   1.2000000e-02  -1.7975557e+00
   1.3000000e-02  -1.7975984e+00
   1.4000000e-02  -1.7976445e+00
   1.5000000e-02  -1.7976940e+00
   1.6000000e-02  -1.7977469e+00
   1.7000000e-02  -1.7978033e+00
   1.8000000e-02  -1.7978630e+00
   1.9000000e-02  -1.7979262e+00
   2.0000000e-02  -1.7979928e+00
   2.1000000e-02  -1.7980628e+00
   2.2000000e-02  -1.7981363e+00
   2.3000000e-02  -1.7982132e+00
   2.4000000e-02  -1.7982935e+00
   2.5000000e-02  -1.7983772e+00
   2.6000000e-02  -1.7984644e+00
   2.7000000e-02  -1.7985549e+00
   2.8000000e-02  -1.7986489e+00
   2.9000000e-02  -1.7987464e+00
   3.0000000e-02  -1.7988473e+00
   3.1000000e-02  -1.7989516e+00
   3.2000000e-02  -1.7990593e+00
   3.3000000e-02  -1.7991705e+00
   3.4000000e-02  -1.7992851e+00
   3.5000000e-02  -1.7994032e+00
   3.6000000e-02  -1.7995247e+00
   3.7000000e-02  -1.7996497e+00
   3.8000000e-02  -1.7997781e+00
   3.9000000e-02  -1.7999099e+00
   4.0000000e-02  -1.8000452e+00
   4.1000000e-02  -1.8001840e+00
   4.2000000e-02  -1.8003262e+00
   4.3000000e-02  -1.8004718e+00
   4.4000000e-02  -1.8006210e+00
   4.5000000e-02  -1.8007735e+00
   4.6000000e-02  -1.8009296e+00
   4.7000000e-02  -1.8010891e+00
   4.8000000e-02  -1.8012521e+00
   4.9000000e-02  -1.8014185e+00
   5.0000000e-02  -1.8015884e+00
   5.1000000e-02  -1.8017618e+00
   5.2000000e-02  -1.8019387e+00
   5.3000000e-02  -1.8021190e+00
   5.4000000e-02  -1.8023028e+00
   5.5000000e-02  -1.8024902e+00
   5.6000000e-02  -1.8026810e+00
   5.7000000e-02  -1.8028752e+00
   5.8000000e-02  -1.8030730e+00
   5.9000000e-02  -1.8032743e+00
   6.0000000e-02  -1.8034791e+00
   6.1000000e-02  -1.8036874e+00
   6.2000000e-02  -1.8038992e+00
   6.3000000e-02  -1.8041144e+00
   6.4000000e-02  -1.8043333e+00
   6.5000000e-02  -1.8045556e+00
   6.6000000e-02  -1.8047814e+00
   6.7000000e-02  -1.8050108e+00
   6.8000000e-02  -1.8052436e+00
   6.9000000e-02  -1.8054801e+00
   7.0000000e-02  -1.8057200e+00
   7.1000000e-02  -1.8059635e+00
   7.2000000e-02  -1.8062105e+00
   7.3000000e-02  -1.8064610e+00
   7.4000000e-02  -1.8067151e+00
   7.5000000e-02  -1.8069728e+00
   7.6000000e-02  -1.8072340e+00
   7.7000000e-02  -1.8074987e+00
   7.8000000e-02  -1.8077671e+00
   7.9000000e-02  -1.8080390e+00
   8.0000000e-02  -1.8083144e+00
   8.1000000e-02  -1.8085934e+00
   8.2000000e-02  -1.8088760e+00
   8.3000000e-02  -1.8091622e+00
   8.4000000e-02  -1.8094520e+00
   8.5000000e-02  -1.8097453e+00
   8.6000000e-02  -1.8100423e+00
   8.7000000e-02  -1.8103429e+00
   8.8000000e-02  -1.8106470e+00
   8.9000000e-02  -1.8109548e+00
   9.0000000e-02  -1.8112661e+00
   9.1000000e-02  -1.8115811e+00
   9.2000000e-02  -1.8118997e+00
   9.3000000e-02  -1.8122220e+00
   9.4000000e-02  -1.8125479e+00
   9.5000000e-02  -1.8128774e+00
   9.6000000e-02  -1.8132105e+00
   9.7000000e-02  -1.8135473e+00
   9.8000000e-02  -1.8138877e+00
   9.9000000e-02  -1.8142318e+00
   1.0000000e-01  -1.8145796e+00
   1.0100000e-01  -1.8149310e+00
   1.0200000e-01  -1.8152861e+00
   1.0300000e-01  -1.8156449e+00
   1.0400000e-01  -1.8160073e+00
   1.0500000e-01  -1.8163735e+00
   1.0600000e-01  -1.8167433e+00
   1.0700000e-01  -1.8171168e+00
   1.0800000e-01  -1.8174941e+00
   1.0900000e-01  -1.8178750e+00
   1.1000000e-01  -1.8182597e+00
   1.1100000e-01  -1.8186480e+00
   1.1200000e-01  -1.8190402e+00
   1.1300000e-01  -1.8194360e+00
   1.1400000e-01  -1.8198356e+00
   1.1500000e-01  -1.8202389e+00
   1.1600000e-01  -1.8206460e+00
   1.1700000e-01  -1.8210568e+00
   1.1800000e-01  -1.8214714e+00
   1.1900000e-01  -1.8218898e+00
   1.2000000e-01  -1.8223119e+00
   1.2100000e-01  -1.8227378e+00
   1.2200000e-01  -1.8231676e+00
   1.2300000e-01  -1.8236011e+00
   1.2400000e-01  -1.8240384e+00
   1.2500000e-01  -1.8244795e+00
   1.2600000e-01  -1.8249244e+00
   1.2700000e-01  -1.8253732e+00
   1.2800000e-01  -1.8258258e+00
   1.2900000e-01  -1.8262822e+00
   1.3000000e-01  -1.8267425e+00
   1.3100000e-01  -1.8272066e+00
   1.3200000e-01  -1.8276746e+00
   1.3300000e-01  -1.8281464e+00
   1.3400000e-01  -1.8286221e+00
   1.3500000e-01  -1.8291017e+00
   1.3600000e-01  -1.8295852e+00
   1.3700000e-01  -1.8300726e+00
   1.3800000e-01  -1.8305638e+00
   1.3900000e-01  -1.8310590e+00
   1.4000000e-01  -1.8315581e+00
   1.4100000e-01  -1.8320611e+00
   1.4200000e-01  -1.8325681e+00
   1.4300000e-01  -1.8330790e+00
   1.4400000e-01  -1.8335938e+00
   1.4500000e-01  -1.8341126e+00
   1.4600000e-01  -1.8346354e+00
   1.4700000e-01  -1.8351622e+00
   1.4800000e-01  -1.8356929e+00
   1.4900000e-01  -1.8362276e+00
   1.5000000e-01  -1.8367663e+00
   1.5100000e-01  -1.8373090e+00
   1.5200000e-01  -1.8378557e+00
   1.5300000e-01  -1.8384065e+00
   1.5400000e-01  -1.8389613e+00
   1.5500000e-01  -1.8395201e+00
   1.5600000e-01  -1.8400830e+00
   1.5700000e-01  -1.8406499e+00
   1.5800000e-01  -1.8412209e+00
   1.5900000e-01  -1.8417960e+00
   1.6000000e-01  -1.8423751e+00
   1.6100000e-01  -1.8429584e+00
   1.6200000e-01  -1.8435457e+00
   1.6300000e-01  -1.8441372e+00
   1.6400000e-01  -1.8447328e+00
   1.6500000e-01  -1.8453325e+00
   1.6600000e-01  -1.8459364e+00
   1.6700000e-01  -1.8465444e+00
   1.6800000e-01  -1.8471566e+00
   1.6900000e-01  -1.8477730e+00
   1.7000000e-01  -1.8483935e+00
   1.7100000e-01  -1.8490182e+00
   1.7200000e-01  -1.8496472e+00
   1.7300000e-01  -1.8502803e+00
   1.7400000e-01  -1.8509177e+00
   1.7500000e-01  -1.8515592e+00
   1.7600000e-01  -1.8522051e+00
   1.7700000e-01  -1.8528552e+00
   1.7800000e-01  -1.8535095e+00
   1.7900000e-01  -1.8541681e+00
   1.8000000e-01  -1.8548310e+00
   1.8100000e-01  -1.8554982e+00
   1.8200000e-01  -1.8561698e+00
   1.8300000e-01  -1.8568456e+00
   1.8400000e-01  -1.8575257e+00
   1.8500000e-01  -1.8582102e+00
   1.8600000e-01  -1.8588991e+00
   1.8700000e-01  -1.8595923e+00
   1.8800000e-01  -1.8602899e+00
   1.8900000e-01  -1.8609918e+00
   1.9000000e-01  -1.8616982e+00
   1.9100000e-01  -1.8624090e+00
   1.9200000e-01  -1.8631241e+00
   1.9300000e-01  -1.8638438e+00
   1.9400000e-01  -1.8645678e+00
   1.9500000e-01  -1.8652964e+00
   1.9600000e-01  -1.8660293e+00
   1.9700000e-01  -1.8667668e+00
   1.9800000e-01  -1.8675088e+00
   1.9900000e-01  -1.8682553e+00
   2.0000000e-01  -1.8690062e+00
   2.0100000e-01  -1.8697618e+00
   2.0200000e-01  -1.8705218e+00
   2.0300000e-01  -1.8712864e+00
   2.0400000e-01  -1.8720556e+00
   2.0500000e-01  -1.8728294e+00
   2.0600000e-01  -1.8736077e+00
   2.0700000e-01  -1.8743907e+00
   2.0800000e-01  -1.8751783e+00
   2.0900000e-01  -1.8759705e+00
   2.1000000e-01  -1.8767674e+00
   2.1100000e-01  -1.8775689e+00
   2.1200000e-01  -1.8783752e+00
   2.1300000e-01  -1.8791861e+00
   2.1400000e-01  -1.8800017e+00
   2.1500000e-01  -1.8808220e+00
   2.1600000e-01  -1.8816470e+00
   2.1700000e-01  -1.8824768e+00
   2.1800000e-01  -1.8833114e+00
   2.1900000e-01  -1.8841507e+00
   2.2000000e-01  -1.8849949e+00
   2.2100000e-01  -1.8858438e+00
   2.2200000e-01  -1.8866975e+00
   2.2300000e-01  -1.8875561e+00
   2.2400000e-01  -1.8884195e+00
   2.2500000e-01  -1.8892878e+00
   2.2600000e-01  -1.8901610e+00
   2.2700000e-01  -1.8910391e+00
   2.2800000e-01  -1.8919220e+00
   2.2900000e-01  -1.8928099e+00
   2.3000000e-01  -1.8937028e+00
   2.3100000e-01  -1.8946006e+00
   2.3200000e-01  -1.8955033e+00
   2.3300000e-01  -1.8964111e+00
   2.3400000e-01  -1.8973239e+00
   2.3500000e-01  -1.8982417e+00
   2.3600000e-01  -1.8991645e+00
   2.3700000e-01  -1.9000924e+00
   2.3800000e-01  -1.9010253e+00
   2.3900000e-01  -1.9019633e+00
   2.4000000e-01  -1.9029065e+00
   2.4100000e-01  -1.9038547e+00
   2.4200000e-01  -1.9048081e+00
   2.4300000e-01  -1.9057667e+00
   2.4400000e-01  -1.9067304e+00
   2.4500000e-01  -1.9076993e+00
   2.4600000e-01  -1.9086735e+00
   2.4700000e-01  -1.9096528e+00
   2.4800000e-01  -1.9106374e+00
   2.4900000e-01  -1.9116273e+00
   2.5000000e-01  -1.9126224e+00
   2.5100000e-01  -1.9136228e+00
   2.5200000e-01  -1.9146286e+00
   2.5300000e-01  -1.9156397e+00
   2.5400000e-01  -1.9166561e+00
   2.5500000e-01  -1.9176779e+00
   2.5600000e-01  -1.9187051e+00
   2.5700000e-01  -1.9197377e+00
   2.5800000e-01  -1.9207758e+00
   2.5900000e-01  -1.9218193e+00
   2.6000000e-01  -1.9228682e+00
   2.6100000e-01  -1.9239227e+00
   2.6200000e-01  -1.9249827e+00
   2.6300000e-01  -1.9260482e+00
   2.6400000e-01  -1.9271192e+00
   2.6500000e-01  -1.9281958e+00
   2.6600000e-01  -1.9292780e+00
   2.6700000e-01  -1.9303658e+00
   2.6800000e-01  -1.9314592e+00
   2.6900000e-01  -1.9325583e+00
   2.7000000e-01  -1.9336631e+00
   2.7100000e-01  -1.9347736e+00
   2.7200000e-01  -1.9358897e+00
   2.7300000e-01  -1.9370116e+00
   2.7400000e-01  -1.9381393e+00
   2.7500000e-01  -1.9392727e+00
   2.7600000e-01  -1.9404120e+00
   2.7700000e-01  -1.9415571e+00
   2.7800000e-01  -1.9427080e+00
   2.7900000e-01  -1.9438648e+00
   2.8000000e-01  -1.9450274e+00
   2.8100000e-01  -1.9461960e+00
   2.8200000e-01  -1.9473706e+00
   2.8300000e-01  -1.9485511e+00
   2.8400000e-01  -1.9497375e+00
   2.8500000e-01  -1.9509300e+00
   2.8600000e-01  -1.9521285e+00
   2.8700000e-01  -1.9533331e+00
   2.8800000e-01  -1.9545437e+00
   2.8900000e-01  -1.9557605e+00
   2.9000000e-01  -1.9569834e+00
   2.9100000e-01  -1.9582124e+00
   2.9200000e-01  -1.9594476e+00
   2.9300000e-01  -1.9606890e+00
   2.9400000e-01  -1.9619366e+00
   2.9500000e-01  -1.9631905e+00
   2.9600000e-01  -1.9644507e+00
   2.9700000e-01  -1.9657171e+00
   2.9800000e-01  -1.9669899e+00
   2.9900000e-01  -1.9682690e+00
   3.0000000e-01  -1.9695546e+00
   3.0100000e-01  -1.9708465e+00
   3.0200000e-01  -1.9721449e+00
   3.0300000e-01  -1.9734497e+00
   3.0400000e-01  -1.9747610e+00
   3.0500000e-01  -1.9760788e+00
   3.0600000e-01  -1.9774032e+00
   3.0700000e-01  -1.9787341e+00
   3.0800000e-01  -1.9800717e+00
   3.0900000e-01  -1.9814158e+00
   3.1000000e-01  -1.9827667e+00
   3.1100000e-01  -1.9841242e+00
   3.1200000e-01  -1.9854884e+00
   3.1300000e-01  -1.9868593e+00
   3.1400000e-01  -1.9882370e+00
   3.1500000e-01  -1.9896216e+00
   3.1600000e-01  -1.9910129e+00
   3.1700000e-01  -1.9924111e+00
   3.1800000e-01  -1.9938162e+00
   3.1900000e-01  -1.9952282e+00
   3.2000000e-01  -1.9966472e+00
   3.2100000e-01  -1.9980731e+00
   3.2200000e-01  -1.9995060e+00
   3.2300000e-01  -2.0009460e+00
   3.2400000e-01  -2.0023931e+00
   3.2500000e-01  -2.0038472e+00
   3.2600000e-01  -2.0053085e+00
   3.2700000e-01  -2.0067770e+00
   3.2800000e-01  -2.0082527e+00
   3.2900000e-01  -2.0097356e+00
   3.3000000e-01  -2.0112257e+00
   3.3100000e-01  -2.0127232e+00
   3.3200000e-01  -2.0142280e+00
   3.3300000e-01  -2.0157402e+00
   3.3400000e-01  -2.0172597e+00
   3.3500000e-01  -2.0187867e+00
   3.3600000e-01  -2.0203212e+00
   3.3700000e-01  -2.0218632e+00
   3.3800000e-01  -2.0234127e+00
   3.3900000e-01  -2.0249698e+00
   3.4000000e-01  -2.0265344e+00
   3.4100000e-01  -2.0281068e+00
   3.4200000e-01  -2.0296868e+00
   3.4300000e-01  -2.0312745e+00
   3.4400000e-01  -2.0328700e+00
   3.4500000e-01  -2.0344733e+00
   3.4600000e-01  -2.0360844e+00
   3.4700000e-01  -2.0377033e+00
   3.4800000e-01  -2.0393302e+00
   3.4900000e-01  -2.0409650e+00
   3.5000000e-01  -2.0426078e+00
   3.5100000e-01  -2.0442586e+00
   3.5200000e-01  -2.0459174e+00
   3.5300000e-01  -2.0475844e+00
   3.5400000e-01  -2.0492595e+00
   3.5500000e-01  -2.0509428e+00
   3.5600000e-01  -2.0526342e+00
   3.5700000e-01  -2.0543340e+00
   3.5800000e-01  -2.0560420e+00
   3.5900000e-01  -2.0577584e+00
   3.6000000e-01  -2.0594831e+00
   3.6100000e-01  -2.0612163e+00
   3.6200000e-01  -2.0629579e+00
   3.6300000e-01  -2.0647081e+00
   3.6400000e-01  -2.0664667e+00
   3.6500000e-01  -2.0682340e+00
   3.6600000e-01  -2.0700099e+00
   3.6700000e-01  -2.0717945e+00
   3.6800000e-01  -2.0735878e+00
   3.6900000e-01  -2.0753899e+00
   3.7000000e-01  -2.0772008e+00
   3.7100000e-01  -2.0790205e+00
   3.7200000e-01  -2.0808492e+00
   3.7300000e-01  -2.0826868e+00
   3.7400000e-01  -2.0845334e+00
   3.7500000e-01  -2.0863890e+00
   3.7600000e-01  -2.0882537e+00
   3.7700000e-01  -2.0901276e+00
   3.7800000e-01  -2.0920107e+00
   3.7900000e-01  -2.0939029e+00
   3.8000000e-01  -2.0958045e+00
   3.8100000e-01  -2.0977154e+00
   3.8200000e-01  -2.0996357e+00
   3.8300000e-01  -2.1015654e+00
   3.8400000e-01  -2.1035046e+00
   3.8500000e-01  -2.1054533e+00
   3.8600000e-01  -2.1074116e+00
   3.8700000e-01  -2.1093795e+00
   3.8800000e-01  -2.1113571e+00
   3.8900000e-01  -2.1133445e+00
   3.9000000e-01  -2.1153416e+00
   3.9100000e-01  -2.1173486e+00
   3.9200000e-01  -2.1193655e+00
   3.9300000e-01  -2.1213923e+00
   3.9400000e-01  -2.1234292e+00
   3.9500000e-01  -2.1254761e+00
   3.9600000e-01  -2.1275331e+00
   3.9700000e-01  -2.1296003e+00
   3.9800000e-01  -2.1316777e+00
   3.9900000e-01  -2.1337654e+00
   4.0000000e-01  -2.1358635e+00
   4.0100000e-01  -2.1379719e+00
   4.0200000e-01  -2.1400909e+00
   4.0300000e-01  -2.1422203e+00
   4.0400000e-01  -2.1443603e+00
   4.0500000e-01  -2.1465110e+00
   4.0600000e-01  -2.1486723e+00
   4.0700000e-01  -2.1508444e+00
   4.0800000e-01  -2.1530274e+00
   4.0900000e-01  -2.1552212e+00
   4.1000000e-01  -2.1574259e+00
   4.1100000e-01  -2.1596417e+00
   4.1200000e-01  -2.1618686e+00
   4.1300000e-01  -2.1641066e+00
   4.1400000e-01  -2.1663557e+00
   4.1500000e-01  -2.1686162e+00
   4.1600000e-01  -2.1708880e+00
   4.1700000e-01  -2.1731712e+00
   4.1800000e-01  -2.1754658e+00
   4.1900000e-01  -2.1777720e+00
   4.2000000e-01  -2.1800898e+00
   4.2100000e-01  -2.1824192e+00
   4.2200000e-01  -2.1847604e+00
   4.2300000e-01  -2.1871134e+00
   4.2400000e-01  -2.1894783e+00
   4.2500000e-01  -2.1918552e+00
   4.2600000e-01  -2.1942440e+00
   4.2700000e-01  -2.1966450e+00
   4.2800000e-01  -2.1990581e+00
   4.2900000e-01  -2.2014835e+00
   4.3000000e-01  -2.2039212e+00
   4.3100000e-01  -2.2063712e+00
   4.3200000e-01  -2.2088338e+00
   4.3300000e-01  -2.2113089e+00
   4.3400000e-01  -2.2137966e+00
   4.3500000e-01  -2.2162970e+00
   4.3600000e-01  -2.2188102e+00
   4.3700000e-01  -2.2213362e+00
   4.3800000e-01  -2.2238752e+00
   4.3900000e-01  -2.2264272e+00
   4.4000000e-01  -2.2289923e+00
   4.4100000e-01  -2.2315706e+00
   4.4200000e-01  -2.2341622e+00
   4.4300000e-01  -2.2367671e+00
   4.4400000e-01  -2.2393854e+00
   4.4500000e-01  -2.2420173e+00
   4.4600000e-01  -2.2446627e+00
   4.4700000e-01  -2.2473219e+00
   4.4800000e-01  -2.2499948e+00
   4.4900000e-01  -2.2526816e+00
   4.5000000e-01  -2.2553824e+00
   4.5100000e-01  -2.2580972e+00
   4.5200000e-01  -2.2608261e+00
   4.5300000e-01  -2.2635693e+00
   4.5400000e-01  -2.2663268e+00
   4.5500000e-01  -2.2690987e+00
   4.5600000e-01  -2.2718851e+00
   4.5700000e-01  -2.2746861e+00
   4.5800000e-01  -2.2775019e+00
   4.5900000e-01  -2.2803324e+00
   4.6000000e-01  -2.2831778e+00
   4.6100000e-01  -2.2860382e+00
   4.6200000e-01  -2.2889137e+00
   4.6300000e-01  -2.2918044e+00
   4.6400000e-01  -2.2947105e+00
   4.6500000e-01  -2.2976319e+00
   4.6600000e-01  -2.3005688e+00
   4.6700000e-01  -2.3035213e+00
   4.6800000e-01  -2.3064896e+00
   4.6900000e-01  -2.3094736e+00
   4.7000000e-01  -2.3124736e+00
   4.7100000e-01  -2.3154897e+00
   4.7200000e-01  -2.3185218e+00
   4.7300000e-01  -2.3215703e+00
   4.7400000e-01  -2.3246351e+00
   4.7500000e-01  -2.3277164e+00
   4.7600000e-01  -2.3308143e+00
   4.7700000e-01  -2.3339290e+00
   4.7800000e-01  -2.3370604e+00
   4.7900000e-01  -2.3402088e+00
   4.8000000e-01  -2.3433743e+00
   4.8100000e-01  -2.3465570e+00
   4.8200000e-01  -2.3497570e+00
   4.8300000e-01  -2.3529744e+00
   4.8400000e-01  -2.3562094e+00
   4.8500000e-01  -2.3594621e+00
   4.8600000e-01  -2.3627325e+00
   4.8700000e-01  -2.3660210e+00
   4.8800000e-01  -2.3693274e+00
   4.8900000e-01  -2.3726521e+00
   4.9000000e-01  -2.3759951e+00
   4.9100000e-01  -2.3793566e+00
   4.9200000e-01  -2.3827367e+00
   4.9300000e-01  -2.3861355e+00
   4.9400000e-01  -2.3895531e+00
   4.9500000e-01  -2.3929898e+00
   4.9600000e-01  -2.3964456e+00
   4.9700000e-01  -2.3999207e+00
   4.9800000e-01  -2.4034153e+00
   4.9900000e-01  -2.4069294e+00
   5.0000000e-01  -2.4104632e+00
   5.0100000e-01  -2.4140170e+00
   5.0200000e-01  -2.4175907e+00
   5.0300000e-01  -2.4211846e+00
   5.0400000e-01  -2.4247988e+00
   5.0500000e-01  -2.4284335e+00
   5.0600000e-01  -2.4320888e+00
   5.0700000e-01  -2.4357650e+00
   5.0800000e-01  -2.4394620e+00
   5.0900000e-01  -2.4431802e+00
   5.1000000e-01  -2.4469196e+00
   5.1100000e-01  -2.4506805e+00
   5.1200000e-01  -2.4544630e+00
   5.1300000e-01  -2.4582672e+00
   5.1400000e-01  -2.4620934e+00
   5.1500000e-01  -2.4659417e+00
   5.1600000e-01  -2.4698122e+00
   5.1700000e-01  -2.4737052e+00
   5.1800000e-01  -2.4776209e+00
   5.1900000e-01  -2.4815593e+00
   5.2000000e-01  -2.4855208e+00
   5.2100000e-01  -2.4895054e+00
   5.2200000e-01  -2.4935134e+00
   5.2300000e-01  -2.4975449e+00
   5.2400000e-01  -2.5016002e+00
   5.2500000e-01  -2.5056793e+00
   5.2600000e-01  -2.5097826e+00
   5.2700000e-01  -2.5139102e+00
   5.2800000e-01  -2.5180624e+00
   5.2900000e-01  -2.5222392e+00
   5.3000000e-01  -2.5264410e+00
   5.3100000e-01  -2.5306678e+00
   5.3200000e-01  -2.5349200e+00
   5.3300000e-01  -2.5391977e+00
   5.3400000e-01  -2.5435012e+00
   5.3500000e-01  -2.5478306e+00
   5.3600000e-01  -2.5521862e+00
   5.3700000e-01  -2.5565682e+00
   5.3800000e-01  -2.5609768e+00
   5.3900000e-01  -2.5654123e+00
   5.4000000e-01  -2.5698748e+00
   5.4100000e-01  -2.5743646e+00
   5.4200000e-01  -2.5788819e+00
   5.4300000e-01  -2.5834270e+00
   5.4400000e-01  -2.5880001e+00
   5.4500000e-01  -2.5926014e+00
   5.4600000e-01  -2.5972312e+00
   5.4700000e-01  -2.6018897e+00
   5.4800000e-01  -2.6065773e+00
   5.4900000e-01  -2.6112940e+00
   5.5000000e-01  -2.6160402e+00
   5.5100000e-01  -2.6208162e+00
   5.5200000e-01  -2.6256221e+00
   5.5300000e-01  -2.6304584e+00
   5.5400000e-01  -2.6353251e+00
   5.5500000e-01  -2.6402227e+00
   5.5600000e-01  -2.6451513e+00
   5.5700000e-01  -2.6501113e+00
   5.5800000e-01  -2.6551030e+00
   5.5900000e-01  -2.6601265e+00
   5.6000000e-01  -2.6651823e+00
   5.6100000e-01  -2.6702706e+00
   5.6200000e-01  -2.6753916e+00
   5.6300000e-01  -2.6805458e+00
   5.6400000e-01  -2.6857333e+00
   5.6500000e-01  -2.6909546e+00
   5.6600000e-01  -2.6962098e+00
   5.6700000e-01  -2.7014994e+00
   5.6800000e-01  -2.7068236e+00
   5.6900000e-01  -2.7121828e+00
   5.7000000e-01  -2.7175773e+00
   5.7100000e-01  -2.7230075e+00
   5.7200000e-01  -2.7284735e+00
   5.7300000e-01  -2.7339759e+00
   5.7400000e-01  -2.7395149e+00
   5.7500000e-01  -2.7450909e+00
   5.7600000e-01  -2.7507042e+00
   5.7700000e-01  -2.7563553e+00
   5.7800000e-01  -2.7620444e+00
   5.7900000e-01  -2.7677719e+00
   5.8000000e-01  -2.7735382e+00
   5.8100000e-01  -2.7793437e+00
   5.8200000e-01  -2.7851887e+00
   5.8300000e-01  -2.7910737e+00
   5.8400000e-01  -2.7969990e+00
   5.8500000e-01  -2.8029650e+00
   5.8600000e-01  -2.8089722e+00
   5.8700000e-01  -2.8150209e+00
   5.8800000e-01  -2.8211116e+00
   5.8900000e-01  -2.8272446e+00
   5.9000000e-01  -2.8334204e+00
   5.9100000e-01  -2.8396395e+00
   5.9200000e-01  -2.8459022e+00
   5.9300000e-01  -2.8522090e+00
   5.9400000e-01  -2.8585603e+00
   5.9500000e-01  -2.8649567e+00
   5.9600000e-01  -2.8713985e+00
   5.9700000e-01  -2.8778863e+00
   5.9800000e-01  -2.8844204e+00
   5.9900000e-01  -2.8910015e+00
   6.0000000e-01  -2.8976299e+00
   6.0100000e-01  -2.9043062e+00
   6.0200000e-01  -2.9110309e+00
   6.0300000e-01  -2.9178044e+00
   6.0400000e-01  -2.9246273e+00
   6.0500000e-01  -2.9315002e+00
   6.0600000e-01  -2.9384235e+00
   6.0700000e-01  -2.9453978e+00
   6.0800000e-01  -2.9524236e+00
   6.0900000e-01  -2.9595015e+00
   6.1000000e-01  -2.9666320e+00
   6.1100000e-01  -2.9738158e+00
   6.1200000e-01  -2.9810534e+00
   6.1300000e-01  -2.9883453e+00
   6.1400000e-01  -2.9956923e+00
   6.1500000e-01  -3.0030948e+00
   6.1600000e-01  -3.0105535e+00
   6.1700000e-01  -3.0180691e+00
   6.1800000e-01  -3.0256421e+00
   6.1900000e-01  -3.0332732e+00
   6.2000000e-01  -3.0409631e+00
   6.2100000e-01  -3.0487124e+00
   6.2200000e-01  -3.0565218e+00
   6.2300000e-01  -3.0643919e+00
   6.2400000e-01  -3.0723236e+00
   6.2500000e-01  -3.0803174e+00
   6.2600000e-01  -3.0883741e+00
   6.2700000e-01  -3.0964944e+00
   6.2800000e-01  -3.1046790e+00
   6.2900000e-01  -3.1129288e+00
   6.3000000e-01  -3.1212444e+00
   6.3100000e-01  -3.1296266e+00
   6.3200000e-01  -3.1380763e+00
   6.3300000e-01  -3.1465942e+00
   6.3400000e-01  -3.1551812e+00
   6.3500000e-01  -3.1638380e+00
   6.3600000e-01  -3.1725655e+00
   6.3700000e-01  -3.1813645e+00
   6.3800000e-01  -3.1902360e+00
   6.3900000e-01  -3.1991807e+00
   6.4000000e-01  -3.2081997e+00
   6.4100000e-01  -3.2172937e+00
   6.4200000e-01  -3.2264638e+00
   6.4300000e-01  -3.2357108e+00
   6.4400000e-01  -3.2450357e+00
   6.4500000e-01  -3.2544396e+00
   6.4600000e-01  -3.2639233e+00
   6.4700000e-01  -3.2734879e+00
   6.4800000e-01  -3.2831344e+00
   6.4900000e-01  -3.2928638e+00
   6.5000000e-01  -3.3026773e+00
   6.5100000e-01  -3.3125758e+00
   6.5200000e-01  -3.3225606e+00
   6.5300000e-01  -3.3326326e+00
   6.5400000e-01  -3.3427930e+00
   6.5500000e-01  -3.3530430e+00
   6.5600000e-01  -3.3633838e+00
   6.5700000e-01  -3.3738165e+00
   6.5800000e-01  -3.3843423e+00
   6.5900000e-01  -3.3949626e+00
   6.6000000e-01  -3.4056785e+00
   6.6100000e-01  -3.4164914e+00
   6.6200000e-01  -3.4274025e+00
   6.6300000e-01  -3.4384132e+00
   6.6400000e-01  -3.4495248e+00
   6.6500000e-01  -3.4607387e+00
   6.6600000e-01  -3.4720564e+00
   6.6700000e-01  -3.4834792e+00
   6.6800000e-01  -3.4950086e+00
   6.6900000e-01  -3.5066461e+00
   6.7000000e-01  -3.5183932e+00
   6.7100000e-01  -3.5302515e+00
   6.7200000e-01  -3.5422225e+00
   6.7300000e-01  -3.5543078e+00
   6.7400000e-01  -3.5665090e+00
   6.7500000e-01  -3.5788279e+00
   6.7600000e-01  -3.5912661e+00
   6.7700000e-01  -3.6038254e+00
   6.7800000e-01  -3.6165074e+00
   6.7900000e-01  -3.6293141e+00
   6.8000000e-01  -3.6422472e+00
   6.8100000e-01  -3.6553086e+00
   6.8200000e-01  -3.6685002e+00
   6.8300000e-01  -3.6818240e+00
   6.8400000e-01  -3.6952820e+00
   6.8500000e-01  -3.7088761e+00
   6.8600000e-01  -3.7226085e+00
   6.8700000e-01  -3.7364812e+00
   6.8800000e-01  -3.7504965e+00
   6.8900000e-01  -3.7646564e+00
   6.9000000e-01  -3.7789633e+00
   6.9100000e-01  -3.7934195e+00
   6.9200000e-01  -3.8080272e+00
   6.9300000e-01  -3.8227889e+00
   6.9400000e-01  -3.8377070e+00
   6.9500000e-01  -3.8527840e+00
   6.9600000e-01  -3.8680225e+00
   6.9700000e-01  -3.8834250e+00
   6.9800000e-01  -3.8989943e+00
   6.9900000e-01  -3.9147330e+00
   7.0000000e-01  -3.9306438e+00
   7.0100000e-01  -3.9467297e+00
   7.0200000e-01  -3.9629936e+00
   7.0300000e-01  -3.9794384e+00
   7.0400000e-01  -3.9960671e+00
   7.0500000e-01  -4.0128828e+00
   7.0600000e-01  -4.0298888e+00
   7.0700000e-01  -4.0470882e+00
   7.0800000e-01  -4.0644844e+00
   7.0900000e-01  -4.0820808e+00
   7.1000000e-01  -4.0998808e+00
   7.1100000e-01  -4.1178881e+00
   7.1200000e-01  -4.1361062e+00
   7.1300000e-01  -4.1545389e+00
   7.1400000e-01  -4.1731899e+00
   7.1500000e-01  -4.1920633e+00
   7.1600000e-01  -4.2111630e+00
   7.1700000e-01  -4.2304931e+00
   7.1800000e-01  -4.2500578e+00
   7.1900000e-01  -4.2698615e+00
   7.2000000e-01  -4.2899084e+00
   7.2100000e-01  -4.3102032e+00
   7.2200000e-01  -4.3307505e+00
   7.2300000e-01  -4.3515550e+00
   7.2400000e-01  -4.3726216e+00
   7.2500000e-01  -4.3939554e+00
   7.2600000e-01  -4.4155613e+00
   7.2700000e-01  -4.4374448e+00
   7.2800000e-01  -4.4596111e+00
   7.2900000e-01  -4.4820659e+00
   7.3000000e-01  -4.5048148e+00
   7.3100000e-01  -4.5278636e+00
   7.3200000e-01  -4.5512183e+00
   7.3300000e-01  -4.5748852e+00
   7.3400000e-01  -4.5988704e+00
   7.3500000e-01  -4.6231806e+00
   7.3600000e-01  -4.6478223e+00
   7.3700000e-01  -4.6728025e+00
   7.3800000e-01  -4.6981281e+00
   7.3900000e-01  -4.7238065e+00
   7.4000000e-01  -4.7498451e+00
   7.4100000e-01  -4.7762515e+00
   7.4200000e-01  -4.8030336e+00
   7.4300000e-01  -4.8301996e+00
   7.4400000e-01  -4.8577578e+00
   7.4500000e-01  -4.8857168e+00
   7.4600000e-01  -4.9140854e+00
   7.4700000e-01  -4.9428728e+00
   7.4800000e-01  -4.9720883e+00
   7.4900000e-01  -5.0017416e+00
   7.5000000e-01  -5.0318427e+00
   7.5100000e-01  -5.0624019e+00
   7.5200000e-01  -5.0934297e+00
   7.5300000e-01  -5.1249370e+00
   7.5400000e-01  -5.1569352e+00
   7.5500000e-01  -5.1894359e+00
   7.5600000e-01  -5.2224510e+00
   7.5700000e-01  -5.2559929e+00
   7.5800000e-01  -5.2900744e+00
   7.5900000e-01  -5.3247087e+00
   7.6000000e-01  -5.3599095e+00
   7.6100000e-01  -5.3956908e+00
   7.6200000e-01  -5.4320672e+00
   7.6300000e-01  -5.4690538e+00
   7.6400000e-01  -5.5066661e+00
   7.6500000e-01  -5.5449203e+00
   7.6600000e-01  -5.5838330e+00
   7.6700000e-01  -5.6234214e+00
   7.6800000e-01  -5.6637035e+00
   7.6900000e-01  -5.7046977e+00
   7.7000000e-01  -5.7464232e+00
   7.7100000e-01  -5.7888998e+00
   7.7200000e-01  -5.8321482e+00
   7.7300000e-01  -5.8761898e+00
   7.7400000e-01  -5.9210466e+00
   7.7500000e-01  -5.9667416e+00
   7.7600000e-01  -6.0132988e+00
   7.7700000e-01  -6.0607429e+00
   7.7800000e-01  -6.1090997e+00
   7.7900000e-01  -6.1583958e+00
   7.8000000e-01  -6.2086592e+00
   7.8100000e-01  -6.2599187e+00
   7.8200000e-01  -6.3122045e+00
   7.8300000e-01  -6.3655478e+00
   7.8400000e-01  -6.4199814e+00
   7.8500000e-01  -6.4755391e+00
   7.8600000e-01  -6.5322563e+00
   7.8700000e-01  -6.5901700e+00
   7.8800000e-01  -6.6493187e+00
   7.8900000e-01  -6.7097426e+00
   7.9000000e-01  -6.7714836e+00
   7.9100000e-01  -6.8345854e+00
   7.9200000e-01  -6.8990940e+00
   7.9300000e-01  -6.9650570e+00
   7.9400000e-01  -7.0325247e+00
   7.9500000e-01  -7.1015493e+00
   7.9600000e-01  -7.1721858e+00
   7.9700000e-01  -7.2444915e+00
   7.9800000e-01  -7.3185268e+00
   7.9900000e-01  -7.3943548e+00
   8.0000000e-01  -7.4720418e+00
   8.0100000e-01  -7.5516575e+00
   8.0200000e-01  -7.6332749e+00
   8.0300000e-01  -7.7169710e+00
   8.0400000e-01  -7.8028266e+00
   8.0500000e-01  -7.8909270e+00
   8.0600000e-01  -7.9813618e+00
   8.0700000e-01  -8.0742255e+00
   8.0800000e-01  -8.1696180e+00
   8.0900000e-01  -8.2676445e+00
   8.1000000e-01  -8.3684162e+00
   8.1100000e-01  -8.4720508e+00
   8.1200000e-01  -8.5786725e+00
   8.1300000e-01  -8.6884132e+00
   8.1400000e-01  -8.8014125e+00
   8.1500000e-01  -8.9178185e+00
   8.1600000e-01  -9.0377883e+00
   8.1700000e-01  -9.1614890e+00
   8.1800000e-01  -9.2890983e+00
   8.1900000e-01  -9.4208053e+00
   8.2000000e-01  -9.5568116e+00
   8.2100000e-01  -9.6973322e+00
   8.2200000e-01  -9.8425966e+00
   8.2300000e-01  -9.9928505e+00
   8.2400000e-01  -1.0148356e+01
   8.2500000e-01  -1.0309396e+01
   8.2600000e-01  -1.0476271e+01
   8.2700000e-01  -1.0649307e+01
   8.2800000e-01  -1.0828851e+01
   8.2900000e-01  -1.1015281e+01
   8.3000000e-01  -1.1209001e+01
   8.3100000e-01  -1.1410449e+01
   8.3200000e-01  -1.1620099e+01
   8.3300000e-01  -1.1838464e+01
   8.3400000e-01  -1.2066102e+01
   8.3500000e-01  -1.2303617e+01
   8.3600000e-01  -1.2551670e+01
   8.3700000e-01  -1.2810980e+01
   8.3800000e-01  -1.3082334e+01
   8.3900000e-01  -1.3366593e+01
   8.4000000e-01  -1.3664704e+01
   8.4100000e-01  -1.3977707e+01
   8.4200000e-01  -1.4306752e+01
   8.4300000e-01  -1.4653106e+01
   8.4400000e-01  -1.5018176e+01
   8.4500000e-01  -1.5403527e+01
   8.4600000e-01  -1.5810901e+01
   8.4700000e-01  -1.6242246e+01
   8.4800000e-01  -1.6699747e+01
   8.4900000e-01  -1.7185864e+01
   8.5000000e-01  -1.7703374e+01
   8.5100000e-01  -1.8255428e+01
   8.5200000e-01  -1.8845609e+01
   8.5300000e-01  -1.9478018e+01