  0.00000      -3.512
   0.00406      -3.513
   0.00812      -3.192
   0.01218      -1.846
   0.01624      -1.448
   0.02030      -1.357
   0.02436      -1.197
   0.02842      -1.049
   0.03248      -0.934
   0.03654      -0.842
   0.04061      -0.747
   0.04467      -0.652
   0.04873      -0.556
   0.05279      -0.465
   0.05685      -0.437
   0.06091      -0.405
   0.06497      -0.376
   0.06903      -0.343
   0.07309      -0.315
   0.07715      -0.281
   0.08121      -0.257
   0.08527      -0.254
   0.08933      -0.250
   0.09340      -0.246
   0.09746      -0.241
   0.10152      -0.239
   0.10558      -0.232
   0.10964      -0.231
   0.11370      -0.224
   0.11776      -0.210
   0.12182      -0.196
   0.12588      -0.183
   0.12994      -0.169
   0.13401      -0.155
   0.13807      -0.142
   0.14213      -0.127
   0.14619      -0.113
   0.15025      -0.101
   0.15431      -0.096
   0.15837      -0.093
   0.16243      -0.087
   0.16649      -0.084
   0.17055      -0.079
   0.17461      -0.074
   0.17867      -0.072
   0.18273      -0.066
   0.18679      -0.062
   0.19085      -0.058
   0.19491      -0.052
   0.19897      -0.049
   0.20303      -0.042
   0.20709      -0.038
   0.21115      -0.032
   0.21522      -0.029
   0.21928      -0.023
   0.22334      -0.018
   0.22740      -0.012
   0.23146      -0.009
   0.23552      -0.004
   0.23958      -0.005
   0.24364      -0.007
   0.24770      -0.009
   0.25176      -0.007
   0.25582      -0.012
   0.25989      -0.010
   0.26395      -0.014
   0.26801      -0.014
   0.27207      -0.015
   0.27613      -0.016
   0.28019      -0.018
   0.28425      -0.016
   0.28831      -0.012
   0.29237      -0.007
   0.29643      -0.003
   0.30049       0.000
   0.30455       0.004
   0.30861       0.008
   0.31267       0.011
   0.31674       0.017
   0.32080       0.020
   0.32486       0.024
   0.32892       0.027
   0.33298       0.034
   0.33704       0.040
   0.34110       0.044
   0.34516       0.052
   0.34922       0.056
   0.35328       0.064
   0.35734       0.070
   0.36140       0.074
   0.36546       0.082
   0.36952       0.087
   0.37358       0.093
   0.37764       0.100
   0.38170       0.105
   0.38577       0.105
   0.38983       0.105
   0.39389       0.106
   0.39795       0.106
   0.40201       0.107
   0.40607       0.108
   0.41013       0.107
   0.41419       0.110
   0.41825       0.109
   0.42231       0.109
   0.42637       0.112
   0.43043       0.109
   0.43449       0.116
   0.43855       0.121
   0.44261       0.128
   0.44668       0.133
   0.45074       0.140
   0.45480       0.147
   0.45886       0.152
   0.46292       0.159
   0.46698       0.164
   0.47104       0.171
   0.47510       0.176
   0.47916       0.184
   0.48322       0.190
   0.48729       0.194
   0.49135       0.201
   0.49541       0.205
   0.49947       0.212
   0.50353       0.217
   0.50759       0.222
   0.51165       0.227
   0.51571       0.234
   0.51977       0.238
   0.52383       0.244
   0.52789       0.249
   0.53195       0.255
   0.53601       0.260
   0.54007       0.264
   0.54413       0.269
   0.54819       0.274
   0.55225       0.278
   0.55631       0.283
   0.56038       0.287
   0.56444       0.291
   0.56850       0.296
   0.57256       0.301
   0.57662       0.305
   0.58068       0.310
   0.58474       0.314
   0.58880       0.324
   0.59286       0.334
   0.59692       0.344
   0.60098       0.353
   0.60504       0.365
   0.60910       0.373
   0.61316       0.384
   0.61722       0.394
   0.62128       0.404
   0.62534       0.414
   0.62940       0.423
   0.63346       0.435
   0.63752       0.439
   0.64158       0.447
   0.64564       0.451
   0.64971       0.459
   0.65377       0.463
   0.65783       0.469
   0.66189       0.475
   0.66595       0.480
   0.67001       0.487
   0.67407       0.491
   0.67814       0.499
   0.68220       0.503
   0.68626       0.515
   0.69032       0.528
   0.69438       0.540
   0.69844       0.552
   0.70250       0.563
   0.70656       0.577
   0.71062       0.589
   0.71468       0.599
   0.71874       0.613
   0.72280       0.624
   0.72686       0.636
   0.73092       0.650
   0.73499       0.665
   0.73905       0.681
   0.74311       0.696
   0.74717       0.711
   0.75123       0.726
   0.75529       0.741
   0.75935       0.757
   0.76341       0.772
   0.76747       0.786
   0.77153       0.804
   0.77559       0.834
   0.77966       0.863
   0.78372       0.892
   0.78778       0.921
   0.79184       0.950
   0.79590       0.979
   0.79996       1.009
   0.80402       1.038
   0.80808       1.066
   0.81214       1.097
   0.81620       1.123
   0.82026       1.154
   0.82432       1.182
   0.82838       1.211
   0.83245       1.239
   0.83651       1.269
   0.84057       1.298
   0.84463       1.327
   0.84869       1.359
   0.85275       1.412
   0.85681       1.465
   0.86087       1.518
   0.86493       1.569
   0.86900       1.623
   0.87306       1.674
   0.87712       1.728
   0.88118       1.778
   0.88524       1.844
   0.88930       1.908
   0.89336       1.975
   0.89742       2.039
   0.90148       2.106
   0.90554       2.173
   0.90960       2.232
   0.91367       2.331
   0.91773       2.496
   0.92179       2.650
   0.92585       2.806
   0.92991       2.963
   0.93398       3.122
   0.93804       3.269
   0.94210       3.497
   0.94616       3.744
   0.95023       3.989
   0.95429       4.240
   0.95835       4.484
   0.96241       4.754
   0.96647       5.291
   0.97053       5.805
   0.97460       6.332
   0.97866       6.795
   0.98273       7.444
   0.98681       8.648
   0.99088       9.956
   0.99494      11.055
   0.99898      13.660
   1.00302      19.123
   1.00710      20.563
   1.01128      30.467
   1.01547      47.949
   1.01948     128.413
   1.02338     167.462
   1.02737      83.162
   1.03145      21.752
   1.03551      16.483
   1.03957      11.396
   1.04363       9.370
   1.04769       6.341
   1.05175       5.135
   1.05581       5.206
   1.05987       3.538
   1.06393       2.057
   1.06799       3.370
   1.07206       3.108
   1.07611       2.123
   1.08017       1.458
   1.08423       1.566
   1.08830       1.913
   1.09236       1.200
   1.09642       1.219
   1.10048       1.526
   1.10454       0.306
   1.10860       0.855
   1.11266       1.873
   1.11672       0.954
   1.12078       0.699
   1.12484       0.326
   1.12891       0.240
   1.13297       0.746
   1.13703       1.037
   1.14109       1.703
   1.14515      -1.001
   1.14921       0.342
   1.15327       2.094
   1.15733      -1.185
   1.16139       1.193
   1.16545       0.410
   1.16951      -0.384
   1.17357       0.897
   1.17763       0.512
   1.18169       0.194
   1.18575      -0.035
   1.18982       0.329
   1.19388       0.428
   1.19794       0.400
   1.20200       0.202
   1.20606      -0.010
   1.21012      -0.061
   1.21418       0.231
   1.21825       0.506
   1.22230       0.631
   1.22636       0.306
   1.23042       0.032
   1.23448      -0.193
   1.23854      -0.023
   1.24260       0.106
   1.24666       0.249
   1.25072       0.263
   1.25478       0.270
   1.25884       0.292
   1.26290       0.228
   1.26696       0.135
   1.27103       0.037
   1.27509      -0.007
   1.27915       0.045
   1.28321       0.079
   1.28727       0.117
   1.29133       0.134
   1.29539       0.149
   1.29945       0.171
   1.30351       0.164
   1.30757       0.136
   1.31163       0.112
   1.31569       0.087
   1.31975       0.076
   1.32381       0.068
   1.32787       0.051
   1.33193       0.075
   1.33600       0.145
   1.34006       0.199
   1.34412       0.274
   1.34818       0.121
   1.35224      -0.046
   1.35630      -0.236
   1.36036      -0.313
   1.36442      -0.018
   1.36848       0.208
   1.37254       0.511
   1.37660       0.496
   1.38066       0.247
   1.38472       0.058
   1.38879      -0.172
   1.39285      -0.115
   1.39691      -0.012
   1.40097       0.080
   1.40503       0.166
   1.40909       0.115
   1.41315       0.074
   1.41721       0.026
   1.42127      -0.001
   1.42533       0.025
   1.42939       0.043
   1.43345       0.062
   1.43752       0.086
   1.44158       0.117
   1.44564       0.143
   1.44970       0.183
   1.45376       0.142
   1.45782       0.057
   1.46188      -0.012
   1.46594      -0.102
   1.47000      -0.040
   1.47407       0.055
   1.47813       0.139
   1.48219       0.232
   1.48625       0.205
   1.49030       0.173
   1.49436       0.140
   1.49842       0.109
   1.50248       0.093
   1.50654       0.075
   1.51060       0.059
   1.51467       0.041
   1.51873       0.013
   1.52279      -0.012
   1.52685      -0.045
   1.53091      -0.048
   1.53497       0.030
   1.53904       0.094
   1.54310       0.169
   1.54716       0.212
   1.55122       0.205
   1.55527       0.206
   1.55933       0.212
   1.56339       0.178
   1.56746       0.102
   1.57152       0.041
   1.57558      -0.037
   1.57964      -0.042
   1.58370      -0.010
   1.58776       0.015
   1.59182       0.041
   1.59588       0.067
   1.59994       0.091
   1.60400       0.116
   1.60806       0.142
   1.61212       0.151
   1.61618       0.157
   1.62024       0.168
   1.62430       0.169
   1.62836       0.116
   1.63243       0.066
   1.63649       0.013
   1.64055      -0.023
   1.64461      -0.014
   1.64867      -0.009
   1.65273      -0.015
   1.65679       0.044
   1.66085       0.166
   1.66491       0.264
   1.66897       0.398
   1.67303       0.282
   1.67709       0.110
   1.68116      -0.054
   1.68522      -0.199
   1.68928      -0.045
   1.69334       0.084
   1.69740       0.244
   1.70146       0.285
   1.70552       0.151
   1.70958       0.055
   1.71364      -0.069
   1.71770      -0.022
   1.72176       0.063
   1.72582       0.144
   1.72988       0.202
   1.73394       0.149
   1.73800       0.112
   1.74207       0.063
   1.74613       0.065
   1.75019       0.086
   1.75425       0.104
   1.75831       0.117
   1.76237       0.098
   1.76643       0.085
   1.77049       0.063
   1.77455       0.109
   1.77862       0.169
   1.78268       0.243
   1.78674       0.229
   1.79079       0.093
   1.79485      -0.026
   1.79891      -0.120
   1.80297       0.040
   1.80703       0.173
   1.81110       0.329
   1.81516       0.219
   1.81922       0.094
   1.82328      -0.051
   1.82734      -0.026
   1.83140       0.049
   1.83546       0.124
   1.83952       0.126
   1.84358       0.094
   1.84764       0.056
   1.85170       0.106
   1.85576       0.195
   1.85982       0.305
   1.86388       0.204
   1.86795       0.034
   1.87201      -0.143
   1.87607      -0.031
   1.88013       0.129
   1.88419       0.252
   1.88825       0.147
   1.89231       0.035
   1.89637       0.030
   1.90043       0.172
   1.90449       0.309
   1.90855       0.188
   1.91262      -0.009
   1.91668      -0.073
   1.92074       0.088
   1.92480       0.216
   1.92885       0.139
   1.93291       0.038
   1.93697       0.011
   1.94104      -0.007
   1.94510       0.059
   1.94916       0.288
   1.95322       0.303
   1.95728      -0.155
   1.96134      -0.184
   1.96541       0.674
   1.96947       0.563
   1.97352      -0.693
   1.97758      -0.403
   1.98165       0.341
   1.98571       0.204
   1.98977       0.377
   1.99382       0.893
   1.99788      -0.945
   2.00194       0.391
   2.00601       0.465
   2.01007       0.010
   2.01413       0.836
   2.01819      -1.008
   2.02225       0.047
   2.02631       0.047