
	1.000000000000000     0.042660937000000
	0.989898989898990     0.044127962795538
	0.979797979797980     0.045304502591891
	0.969696969696970     0.046358008321187
	0.959595959595960     0.047062918217197
	0.949494949494950     0.047620536794833
	0.939393939393939     0.047777038483211
	0.929292929292929     0.047911319418079
	0.919191919191919     0.047718952167929
	0.909090909090909     0.047587660000000
	0.898989898989899     0.047587660000000
	0.888888888888889     0.047615182917125
	0.878787878787879     0.047658737480802
	0.868686868686869     0.047702105238186
	0.858585858585859     0.047742603404184
	0.848484848484849     0.047783101570182
	0.838383838383838     0.047840399798743
	0.828282828282828     0.047937596854811
	0.818181818181818     0.048034793910879
	0.808080808080808     0.048131990966947
	0.797979797979798     0.048147516000000
	0.787878787878788     0.048147516000000
	0.777777777777778     0.048147516000000
	0.767676767676768     0.048147516000000
	0.757575757575758     0.048147516000000
	0.747474747474748     0.048147516000000
	0.737373737373737     0.048147516000000
	0.727272727272727     0.048147516000000
	0.717171717171717     0.048147516000000
	0.707070707070707     0.048147516000000
	0.696969696969697     0.048147516000000
	0.686868686868687     0.048147516000000
	0.676767676767677     0.048147516000000
	0.666666666666667     0.048147516000000
	0.656565656565657     0.048147516000000
	0.646464646464647     0.048147516000000
	0.636363636363636     0.048147516000000
	0.626262626262626     0.048147516000000
	0.616161616161616     0.048147516000000
	0.606060606060606     0.048147516000000
	0.595959595959596     0.048147516000000
	0.585858585858586     0.048147516000000
	0.575757575757576     0.048147516000000
	0.565656565656566     0.048147516000000
	0.555555555555556     0.048147516000000
	0.545454545454545     0.048147516000000
	0.535353535353535     0.048147516000000
	0.525252525252525     0.048147516000000
	0.515151515151515     0.048147516000000
	0.505050505050505     0.048147516000000
	0.494949494949495     0.048147516000000
	0.484848484848485     0.048147516000000
	0.474747474747475     0.048147516000000
	0.464646464646465     0.048147516000000
	0.454545454545455     0.048147516000000
	0.444444444444444     0.048147516000000
	0.434343434343434     0.048147516000000
	0.424242424242424     0.048147516000000
	0.414141414141414     0.048147516000000
	0.404040404040404     0.048147516000000
	0.393939393939394     0.048147516000000
	0.383838383838384     0.048147516000000
	0.373737373737374     0.048147516000000
	0.363636363636364     0.048147516000000
	0.353535353535354     0.048147516000000
	0.343434343434343     0.048147516000000
	0.333333333333333     0.048147516000000
	0.323232323232323     0.048147516000000
	0.313131313131313     0.048147516000000
	0.303030303030303     0.048147516000000
	0.292929292929293     0.048147516000000
	0.282828282828283     0.048147516000000
	0.272727272727273     0.048147516000000
	0.262626262626263     0.048147516000000
	0.252525252525253     0.048147516000000
	0.242424242424242     0.048147516000000
	0.232323232323232     0.048147516000000
	0.222222222222222     0.048147516000000
	0.212121212121212     0.048147516000000
	0.202020202020202     0.048147516000000
	0.191919191919192     0.048147516000000
	0.181818181818182     0.048147516000000
	0.171717171717172     0.048147516000000
	0.161616161616162     0.048118415112980
	0.151515151515152     0.048048987924887
	0.141414141414141     0.047791428502315
	0.131313131313131     0.047330750545429
	0.121212121212121     0.046504795798133
	0.111111111111111     0.045504482380225
	0.101010101010101     0.044279406839223
	0.090909090909091     0.042864078328153
	0.080808080808081     0.041153559749311
	0.070707070707071     0.039106881066332
	0.060606060606061     0.036616908150061
	0.050505050505051     0.033956454826339
	0.040404040404040     0.029776359501549
	0.030303030303030     0.023616372743320
	0.020202020202020     0.015609205068796
	0.010101010101010     0.010838665926389
					0     			   0
	0.010101010101010    -0.019769141883820
	0.020202020202020    -0.024863147112751
	0.030303030303030    -0.028882946899728
	0.040404040404040    -0.032137428818228
	0.050505050505051    -0.035028567817911
	0.060606060606061    -0.037739832828350
	0.070707070707071    -0.039673905227378
	0.080808080808081    -0.041467177940442
	0.090909090909091    -0.042966660638470
	0.101010101010101    -0.044216541051930
	0.111111111111111    -0.045440279148226
	0.121212121212121    -0.046439378696765
	0.131313131313131    -0.047110351897792
	0.141414141414141    -0.047483095816719
	0.151515151515152    -0.047657315238380
	0.161616161616162    -0.047831534660040
	0.171717171717172    -0.047946928173621
	0.181818181818182    -0.047996438353429
	0.191919191919192    -0.048045948533237
	0.202020202020202    -0.048095458713045
	0.212121212121212    -0.048144968892853
	0.222222222222222    -0.048147516000000
	0.232323232323232    -0.048147516000000
	0.242424242424242    -0.048147516000000
	0.252525252525253    -0.048147516000000
	0.262626262626263    -0.048147516000000
	0.272727272727273    -0.048147516000000
	0.282828282828283    -0.048147516000000
	0.292929292929293    -0.048147516000000
	0.303030303030303    -0.048147516000000
	0.313131313131313    -0.048147516000000
	0.323232323232323    -0.048147516000000
	0.333333333333333    -0.048147516000000
	0.343434343434343    -0.048147516000000
	0.353535353535354    -0.048147516000000
	0.363636363636364    -0.048147516000000
	0.373737373737374    -0.048147516000000
	0.383838383838384    -0.048147516000000
	0.393939393939394    -0.048147516000000
	0.404040404040404    -0.048147516000000
	0.414141414141414    -0.048147516000000
	0.424242424242424    -0.048147516000000
	0.434343434343434    -0.048147516000000
	0.444444444444444    -0.048147516000000
	0.454545454545455    -0.048147516000000
	0.464646464646465    -0.048147516000000
	0.474747474747475    -0.048147516000000
	0.484848484848485    -0.048147516000000
	0.494949494949495    -0.048147516000000
	0.505050505050505    -0.048147516000000
	0.515151515151515    -0.048147516000000
	0.525252525252525    -0.048147516000000
	0.535353535353535    -0.048147516000000
	0.545454545454545    -0.048147516000000
	0.555555555555556    -0.048147516000000
	0.565656565656566    -0.048147516000000
	0.575757575757576    -0.048147516000000
	0.585858585858586    -0.048147516000000
	0.595959595959596    -0.048147516000000
	0.606060606060606    -0.048147516000000
	0.616161616161616    -0.048147516000000
	0.626262626262626    -0.048147516000000
	0.636363636363636    -0.048147516000000
	0.646464646464647    -0.048147516000000
	0.656565656565657    -0.047996348509999
	0.666666666666667    -0.047707797000779
	0.676767676767677    -0.047350401335810
	0.686868686868687    -0.046709915977626
	0.696969696969697    -0.046048191613355
	0.707070707070707    -0.045190423730597
	0.717171717171717    -0.044332655847840
	0.727272727272727    -0.042843421337381
	0.737373737373737    -0.041266944026205
	0.747474747474748    -0.039620512845012
	0.757575757575758    -0.037965425173477
	0.767676767676768    -0.036231195271079
	0.777777777777778    -0.034328077910585
	0.787878787878788    -0.032361485455435
	0.797979797979798    -0.030341432256223
	0.808080808080808    -0.028258649980082
	0.818181818181818    -0.026036215034853
	0.828282828282828    -0.023757029176277
	0.838383838383838    -0.021327011695146
	0.848484848484849    -0.018858117897177
	0.858585858585859    -0.016269149412339
	0.868686868686869    -0.013576776554392
	0.878787878787879    -0.010833148220103
	0.888888888888889    -0.007674270859983
	0.898989898989899    -0.004457124811309
	0.909090909090909    -0.001222401432676
	0.919191919191919     0.002290598785374
	0.929292929292929     0.005604266500094
	0.939393939393939     0.008092090722389
	0.949494949494950     0.010579914944685
	0.959595959595960     0.013067739166980
	0.969696969696970     0.015555563389275
	0.979797979797980     0.018090114429194
	0.989898989898990     0.021566337707106
	1.000000000000000     0.026873032000000
	