#    s        x        y     Ue/Vinf    Dstar     Theta      Cf       H
   0.00000  1.00000  0.00000  1.04979  0.073466  0.011460 -0.000006     6.411
   0.00649  0.99361  0.00114  1.05056  0.071652  0.011389 -0.000006     6.291
   0.01709  0.98319  0.00310  1.05196  0.069366  0.011266 -0.000006     6.157
   0.02844  0.97205  0.00525  1.05345  0.066891  0.011137 -0.000006     6.006
   0.04018  0.96053  0.00749  1.05500  0.064337  0.011009 -0.000007     5.844
   0.05202  0.94889  0.00968  1.05657  0.061807  0.010882 -0.000007     5.680
   0.06394  0.93716  0.01182  1.05818  0.059342  0.010757 -0.000007     5.516
   0.07597  0.92532  0.01391  1.05981  0.056915  0.010635 -0.000007     5.352
   0.08809  0.91338  0.01598  1.06145  0.054504  0.010516 -0.000007     5.183
   0.10027  0.90137  0.01803  1.06310  0.052124  0.010400 -0.000007     5.012
   0.11249  0.88932  0.02005  1.06475  0.049766  0.010289 -0.000007     4.837
   0.12474  0.87723  0.02206  1.06639  0.047430  0.010184 -0.000007     4.658
   0.13700  0.86514  0.02406  1.06799  0.045119  0.010084 -0.000006     4.474
   0.14925  0.85305  0.02602  1.06954  0.042848  0.009991 -0.000005     4.289
   0.16150  0.84095  0.02796  1.07100  0.040605  0.009907 -0.000003     4.099
   0.17374  0.82886  0.02988  1.07232  0.038408  0.009834 -0.000001     3.906
   0.18596  0.81679  0.03178  1.07342  0.036261  0.009775  0.000002     3.710
   0.19817  0.80472  0.03363  1.07417  0.034174  0.009737  0.000006     3.510
   0.21037  0.79266  0.03546  1.07443  0.032162  0.009724  0.000012     3.307
   0.22257  0.78059  0.03726  1.07465  0.030216  0.009714  0.000055     3.111
   0.23476  0.76853  0.03902  1.07743  0.028304  0.009588  0.000115     2.952
   0.24692  0.75649  0.04075  1.08161  0.026470  0.009408  0.000177     2.814
   0.25906  0.74447  0.04244  1.08675  0.024732  0.009197  0.000245     2.689
   0.27119  0.73246  0.04409  1.09282  0.023090  0.008961  0.000318     2.577
   0.28330  0.72045  0.04570  1.09976  0.021558  0.008706  0.000398     2.476
   0.29541  0.70844  0.04726  1.10752  0.020124  0.008437  0.000485     2.385
   0.30752  0.69643  0.04877  1.11601  0.018798  0.008159  0.000579     2.304
   0.31961  0.68443  0.05025  1.12520  0.017566  0.007876  0.000680     2.230
   0.33170  0.67242  0.05167  1.13491  0.016439  0.007593  0.000785     2.165
   0.34378  0.66042  0.05305  1.14517  0.015398  0.007312  0.000897     2.106
   0.35586  0.64841  0.05438  1.15586  0.014442  0.007036  0.001013     2.053
   0.36794  0.63640  0.05567  1.16685  0.013573  0.006768  0.001132     2.005
   0.38001  0.62440  0.05691  1.17818  0.012770  0.006507  0.001256     1.962
   0.39206  0.61241  0.05810  1.18966  0.012042  0.006258  0.001381     1.924
   0.40410  0.60042  0.05923  1.20131  0.011373  0.006018  0.001508     1.890
   0.41614  0.58843  0.06032  1.21294  0.010770  0.005791  0.001634     1.860
   0.42818  0.57643  0.06135  1.22458  0.010219  0.005575  0.001759     1.833
   0.44022  0.56443  0.06233  1.23627  0.009711  0.005369  0.001885     1.809
   0.45225  0.55243  0.06326  1.24801  0.009242  0.005173  0.002012     1.787
   0.46428  0.54044  0.06413  1.25954  0.008817  0.004988  0.002134     1.768
   0.47632  0.52843  0.06495  1.27108  0.008422  0.004812  0.002256     1.750
   0.48835  0.51642  0.06572  1.28265  0.008054  0.004643  0.002378     1.735
   0.50038  0.50441  0.06644  1.29412  0.007713  0.004483  0.002498     1.721
   0.51241  0.49240  0.06710  1.30555  0.007395  0.004330  0.002617     1.708
   0.52443  0.48040  0.06771  1.31712  0.007093  0.004182  0.002738     1.696
   0.53644  0.46840  0.06826  1.32860  0.006811  0.004040  0.002856     1.686
   0.54844  0.45641  0.06876  1.34009  0.006546  0.003905  0.002974     1.676
   0.56043  0.44442  0.06920  1.35155  0.006296  0.003775  0.003090     1.668
   0.57243  0.43244  0.06958  1.36299  0.006061  0.003650  0.003204     1.661
   0.58442  0.42045  0.06990  1.37435  0.005840  0.003530  0.003315     1.654
   0.59641  0.40846  0.07016  1.38613  0.005622  0.003411  0.003434     1.648
   0.60839  0.39649  0.07037  1.39792  0.005415  0.003297  0.003551     1.642
   0.62035  0.38453  0.07051  1.40981  0.005217  0.003186  0.003668     1.637
   0.63230  0.37257  0.07059  1.42182  0.005027  0.003078  0.003786     1.633
   0.64426  0.36062  0.07061  1.43379  0.004848  0.002975  0.003900     1.630
   0.65621  0.34867  0.07056  1.44626  0.004669  0.002872  0.004023     1.626
   0.66814  0.33673  0.07045  1.45885  0.004498  0.002772  0.004145     1.623
   0.68007  0.32481  0.07027  1.47194  0.004327  0.002672  0.004276     1.619
   0.69198  0.31290  0.07003  1.48523  0.004163  0.002575  0.004408     1.617
   0.70388  0.30100  0.06972  1.49894  0.004001  0.002479  0.004545     1.614
   0.71576  0.28913  0.06934  1.51340  0.003838  0.002383  0.004697     1.611
   0.72761  0.27728  0.06889  1.52809  0.003681  0.002289  0.004851     1.608
   0.73944  0.26547  0.06836  1.54346  0.003525  0.002196  0.005016     1.606
   0.75125  0.25368  0.06775  1.55907  0.003375  0.002105  0.005182     1.603
   0.76303  0.24191  0.06706  1.57566  0.003224  0.002014  0.005368     1.601
   0.77479  0.23018  0.06628  1.59282  0.003076  0.001924  0.005563     1.598
   0.78651  0.21849  0.06542  1.61124  0.002924  0.001834  0.005786     1.595
   0.79819  0.20685  0.06447  1.63039  0.002776  0.001745  0.006023     1.591
   0.80982  0.19527  0.06342  1.65067  0.002629  0.001656  0.006284     1.587
   0.82139  0.18375  0.06227  1.67235  0.002480  0.001567  0.006580     1.583
   0.83291  0.17230  0.06102  1.69494  0.002336  0.001480  0.006895     1.578
   0.84436  0.16093  0.05966  1.71970  0.002188  0.001392  0.007270     1.572
   0.85572  0.14967  0.05818  1.74607  0.002042  0.001305  0.007690     1.566
   0.86699  0.13852  0.05658  1.77440  0.001897  0.001218  0.008169     1.558
   0.87814  0.12750  0.05485  1.80477  0.001755  0.001132  0.008711     1.550
   0.88917  0.11663  0.05298  1.83789  0.001613  0.001047  0.009347     1.540
   0.90003  0.10595  0.05097  1.87395  0.001472  0.000963  0.010090     1.529
   0.91071  0.09550  0.04882  1.91358  0.001333  0.000879  0.010973     1.517
   0.92112  0.08534  0.04652  1.95783  0.001195  0.000796  0.012055     1.501
   0.93121  0.07556  0.04408  2.00667  0.001061  0.000715  0.013359     1.485
   0.94088  0.06623  0.04151  2.05991  0.000934  0.000637  0.014906     1.467
   0.95006  0.05745  0.03882  2.11604  0.000819  0.000565  0.016649     1.450
   0.95866  0.04931  0.03604  2.17413  0.000716  0.000499  0.018546     1.436
   0.96658  0.04191  0.03323  2.23559  0.000624  0.000438  0.020642     1.425
   0.97373  0.03532  0.03046  2.29929  0.000544  0.000383  0.022816     1.418
   0.98007  0.02957  0.02778  2.36405  0.000477  0.000335  0.024821     1.422
   0.98561  0.02464  0.02525  2.43035  0.000423  0.000293  0.026278     1.442
   0.99043  0.02044  0.02289  2.49617  0.000386  0.000257  0.026167     1.498
   0.99461  0.01688  0.02070  2.56225  0.000372  0.000227  0.022689     1.637
   0.99826  0.01386  0.01865  2.63527  0.000402  0.000199  0.013323     2.016
   1.00147  0.01129  0.01673  2.78623  0.000500  0.000153  0.002142     3.275
   1.00431  0.00910  0.01492  3.09837  0.000615  0.000062 -0.002980     9.844
   1.00685  0.00723  0.01320  3.11374  0.000565  0.000059 -0.003168     9.516
   1.00915  0.00562  0.01156  3.12834  0.000465  0.000057 -0.003416     8.193
   1.01124  0.00425  0.00998  3.14726  0.000356  0.000054 -0.003841     6.580
   1.01316  0.00310  0.00845  3.17723  0.000257  0.000051 -0.004345     5.084
   1.01491  0.00214  0.00698  3.22545  0.000172  0.000046  0.001153     3.722
   1.01654  0.00137  0.00555  3.29426  0.000124  0.000041  0.015401     3.061
   1.01806  0.00078  0.00414  3.35810  0.000097  0.000035  0.032639     2.730
   1.01951  0.00035  0.00275  3.39147  0.000081  0.000031  0.046371     2.590
   1.02091  0.00009  0.00139  3.39638  0.000071  0.000028  0.057888     2.518
   1.02225  0.00000  0.00005  3.37363  0.000061  0.000025  0.073431     2.429
   1.02356  0.00008 -0.00126  3.29265  0.000052  0.000023  0.094891     2.303
   1.02488  0.00037 -0.00255  3.11070  0.000048  0.000021  0.103836     2.230
   1.02623  0.00085 -0.00381  2.85518  0.000047  0.000022  0.098629     2.202
   1.02766  0.00154 -0.00506  2.57278  0.000049  0.000022  0.086617     2.200
   1.02917  0.00244 -0.00628  2.28725  0.000050  0.000023  0.074910     2.196
   1.03079  0.00356 -0.00744  1.99548  0.000052  0.000024  0.064270     2.172
   1.03252  0.00491 -0.00853  1.69925  0.000057  0.000026  0.051307     2.155
   1.03439  0.00648 -0.00956  1.42551  0.000063  0.000029  0.038453     2.158
   1.03643  0.00827 -0.01053  1.18969  0.000071  0.000033  0.028480     2.166
   1.03867  0.01030 -0.01146  0.98479  0.000079  0.000036  0.021233     2.165
   1.04115  0.01262 -0.01236  0.80581  0.000088  0.000040  0.015145     2.190
   1.04395  0.01527 -0.01323  0.64468  0.000096  0.000044  0.011404     2.164
   1.04713  0.01833 -0.01409  0.49720  0.000110  0.000050  0.007346     2.208
   1.05078  0.02189 -0.01492  0.36826  0.000119  0.000055  0.005148     2.183
   1.05503  0.02606 -0.01574  0.24759  0.000137  0.000061  0.002905     2.226
   1.06002  0.03099 -0.01654  0.13786  0.000146  0.000066  0.001538     2.208
   1.06591  0.03683 -0.01730  0.03663  0.000179  0.000080  0.000328     2.230
   1.07284  0.04373 -0.01800 -0.05509  0.000179  0.000080  0.000494     2.230
   1.08089  0.05175 -0.01862 -0.13706  0.000216  0.000095  0.000979     2.269
   1.09000  0.06084 -0.01913 -0.20914  0.000231  0.000104  0.001445     2.230
   1.10001  0.07084 -0.01951 -0.27112  0.000263  0.000115  0.001562     2.288
   1.11070  0.08153 -0.01976 -0.32362  0.000283  0.000125  0.001777     2.260
   1.12185  0.09269 -0.01989 -0.36883  0.000311  0.000136  0.001797     2.289
   1.13333  0.10417 -0.01992 -0.40640  0.000336  0.000146  0.001831     2.291
   1.14504  0.11588 -0.01986 -0.43926  0.000359  0.000156  0.001847     2.294
   1.15691  0.12775 -0.01972 -0.46755  0.000383  0.000166  0.001825     2.304
   1.16889  0.13972 -0.01953 -0.49266  0.000403  0.000175  0.001823     2.305
   1.18095  0.15178 -0.01928 -0.51429  0.000428  0.000185  0.001774     2.317
   1.19307  0.16389 -0.01899 -0.53441  0.000445  0.000193  0.001784     2.310
   1.20523  0.17605 -0.01867 -0.55181  0.000468  0.000201  0.001725     2.325
   1.21742  0.18824 -0.01830 -0.56825  0.000485  0.000209  0.001727     2.319
   1.22965  0.20046 -0.01791 -0.58299  0.000505  0.000217  0.001689     2.326
   1.24191  0.21271 -0.01750 -0.59634  0.000524  0.000225  0.001656     2.331
   1.25418  0.22498 -0.01707 -0.60901  0.000540  0.000232  0.001644     2.329
   1.26646  0.23725 -0.01661 -0.62040  0.000559  0.000239  0.001606     2.337
   1.27877  0.24955 -0.01613 -0.63116  0.000576  0.000246  0.001586     2.337
   1.29109  0.26186 -0.01564 -0.64127  0.000592  0.000253  0.001566     2.338
   1.30342  0.27417 -0.01514 -0.65053  0.000609  0.000260  0.001535     2.344
   1.31576  0.28651 -0.01462 -0.65937  0.000625  0.000267  0.001517     2.344
   1.32811  0.29885 -0.01409 -0.66762  0.000641  0.000273  0.001493     2.347
   1.34048  0.31121 -0.01355 -0.67518  0.000658  0.000280  0.001462     2.353
   1.35287  0.32359 -0.01301 -0.68251  0.000673  0.000286  0.001446     2.353
   1.36527  0.33597 -0.01246 -0.68969  0.000686  0.000292  0.001437     2.350
   1.37766  0.34835 -0.01191 -0.69635  0.000701  0.000298  0.001415     2.353
   1.39006  0.36074 -0.01136 -0.70308  0.000713  0.000303  0.001411     2.349
   1.40246  0.37312 -0.01080 -0.70905  0.000729  0.000309  0.001383     2.356
   1.41486  0.38551 -0.01024 -0.71497  0.000742  0.000315  0.001370     2.356
   1.42727  0.39791 -0.00967 -0.72059  0.000756  0.000320  0.001353     2.358
   1.43968  0.41030 -0.00911 -0.72593  0.000769  0.000326  0.001336     2.360
   1.45208  0.42269 -0.00854 -0.73115  0.000782  0.000331  0.001324     2.360
   1.46447  0.43507 -0.00797 -0.73591  0.000797  0.000337  0.001301     2.365
   1.47686  0.44745 -0.00741 -0.74067  0.000809  0.000342  0.001291     2.364
   1.48926  0.45983 -0.00685 -0.74526  0.000821  0.000347  0.001279     2.365
   1.50165  0.47221 -0.00630 -0.74997  0.000831  0.000352  0.001277     2.361
   1.51404  0.48459 -0.00575 -0.75412  0.000845  0.000357  0.001256     2.366
   1.52641  0.49695 -0.00520 -0.75842  0.000855  0.000362  0.001250     2.364
   1.53879  0.50931 -0.00466 -0.76250  0.000867  0.000367  0.001238     2.365
   1.55116  0.52167 -0.00414 -0.76655  0.000877  0.000371  0.001231     2.364
   1.56351  0.53402 -0.00361 -0.77040  0.000889  0.000376  0.001220     2.366
   1.57586  0.54635 -0.00310 -0.77421  0.000899  0.000380  0.001212     2.365
   1.58820  0.55868 -0.00260 -0.77801  0.000909  0.000384  0.001207     2.364
   1.60053  0.57100 -0.00212 -0.78180  0.000917  0.000388  0.001204     2.362
   1.61287  0.58333 -0.00165 -0.78558  0.000926  0.000392  0.001202     2.359
   1.62519  0.59565 -0.00118 -0.78919  0.000935  0.000396  0.001195     2.359
   1.63751  0.60796 -0.00074 -0.79306  0.000941  0.000400  0.001200     2.354
   1.64983  0.62027 -0.00031 -0.79668  0.000949  0.000403  0.001195     2.354
   1.66215  0.63259  0.00011 -0.80044  0.000956  0.000407  0.001197     2.350
   1.67447  0.64489  0.00051 -0.80403  0.000964  0.000410  0.001194     2.349
   1.68678  0.65720  0.00090 -0.80779  0.000969  0.000413  0.001197     2.345
   1.69909  0.66950  0.00127 -0.81132  0.000977  0.000416  0.001193     2.345
   1.71138  0.68179  0.00162 -0.81507  0.000981  0.000419  0.001198     2.341
   1.72367  0.69407  0.00196 -0.81870  0.000987  0.000422  0.001198     2.339
   1.73596  0.70636  0.00228 -0.82276  0.000988  0.000424  0.001213     2.330
   1.74824  0.71864  0.00257 -0.82613  0.000998  0.000427  0.001202     2.334
   1.76051  0.73091  0.00285 -0.82995  0.001001  0.000430  0.001209     2.329
   1.77277  0.74316  0.00311 -0.83388  0.001003  0.000432  0.001219     2.323
   1.78503  0.75541  0.00334 -0.83772  0.001006  0.000434  0.001225     2.320
   1.79727  0.76766  0.00355 -0.84194  0.001006  0.000435  0.001241     2.312
   1.80951  0.77990  0.00373 -0.84619  0.001006  0.000436  0.001256     2.305
   1.82175  0.79213  0.00389 -0.85062  0.001004  0.000437  0.001273     2.297
   1.83398  0.80436  0.00402 -0.85488  0.001006  0.000439  0.001281     2.294
   1.84619  0.81658  0.00412 -0.85969  0.001002  0.000439  0.001307     2.283
   1.85839  0.82878  0.00420 -0.86421  0.001002  0.000440  0.001317     2.280
   1.87058  0.84096  0.00424 -0.86961  0.000994  0.000439  0.001355     2.265
   1.88275  0.85313  0.00425 -0.87485  0.000990  0.000439  0.001379     2.257
   1.89490  0.86528  0.00423 -0.88069  0.000981  0.000437  0.001418     2.244
   1.90702  0.87740  0.00416 -0.88655  0.000974  0.000436  0.001450     2.234
   1.91912  0.88950  0.00406 -0.89355  0.000959  0.000433  0.001512     2.214
   1.93119  0.90157  0.00391 -0.90051  0.000947  0.000430  0.001559     2.201
   1.94323  0.91360  0.00371 -0.90918  0.000924  0.000425  0.001651     2.175
   1.95522  0.92559  0.00346 -0.91797  0.000906  0.000420  0.001727     2.157
   1.96713  0.93750  0.00315 -0.92887  0.000876  0.000412  0.001855     2.126
   1.97894  0.94930  0.00279 -0.94123  0.000844  0.000403  0.002004     2.094
   1.99056  0.96092  0.00235 -0.95590  0.000806  0.000392  0.002196     2.058
   2.00192  0.97226  0.00183 -0.97592  0.000748  0.000374  0.002528     2.000
   2.01288  0.98321  0.00122 -1.00307  0.000676  0.000350  0.003034     1.930
   2.02326  0.99357  0.00052 -1.05526  0.000546  0.000304  0.004347     1.795
   2.02971  1.00000  0.00000 -1.04979  0.000618  0.000322  0.003498     1.920
   2.02971  1.00010 -0.00001  1.04979  0.074084  0.011782  0.000000     6.288
   2.03618  1.00653 -0.00075  1.04742  0.072556  0.012001  0.000000     6.046
   2.04344  1.01376 -0.00139  1.04487  0.071910  0.012236  0.000000     5.877
   2.05158  1.02188 -0.00197  1.04193  0.071233  0.012508  0.000000     5.695
   2.06071  1.03099 -0.00251  1.03852  0.070464  0.012823  0.000000     5.495
   2.07096  1.04122 -0.00299  1.03454  0.069542  0.013192  0.000000     5.272
   2.08245  1.05271 -0.00340  1.02985  0.068419  0.013627  0.000000     5.021
   2.09534  1.06559 -0.00374  1.02430  0.067047  0.014143  0.000000     4.741
   2.10979  1.08005 -0.00397  1.01762  0.065376  0.014766  0.000000     4.428
   2.12601  1.09626 -0.00407  1.00943  0.063357  0.015531  0.000000     4.079
   2.14420  1.11445 -0.00400  0.99895  0.060957  0.016515  0.000000     3.691
   2.16460  1.13486 -0.00374  0.98438  0.058200  0.017898  0.000000     3.252
   2.18749  1.15774 -0.00322  0.97022  0.054984  0.019257  0.000000     2.855
   2.21317  1.18340 -0.00241  0.96054  0.051363  0.020186  0.000000     2.544
   2.24196  1.21217 -0.00122  0.95344  0.047559  0.020858  0.000000     2.280
   2.27427  1.24443  0.00041  0.94907  0.043733  0.021262  0.000000     2.057
   2.31050  1.28061  0.00258  0.94734  0.040049  0.021416  0.000000     1.870
   2.35115  1.32115  0.00538  0.94792  0.036643  0.021366  0.000000     1.715
   2.39674  1.36661  0.00894  0.95025  0.033609  0.021175  0.000000     1.587
   2.44788  1.41756  0.01339  0.95373  0.030984  0.020903  0.000000     1.482
   2.50525  1.47466  0.01889  0.95779  0.028761  0.020601  0.000000     1.396
   2.56960  1.53865  0.02563  0.96199  0.026904  0.020299  0.000000     1.325
   2.64178  1.61037  0.03381  0.96608  0.025362  0.020018  0.000000     1.267
   2.72275  1.69073  0.04367  0.96989  0.024085  0.019764  0.000000     1.219
   2.81357  1.78078  0.05547  0.97337  0.023029  0.019539  0.000000     1.179
   2.91544  1.88168  0.06952  0.97651  0.022156  0.019341  0.000000     1.146
   3.02971  1.99474  0.08617  0.98203  0.021234  0.019002  0.000000     1.117
