#    s        x        y     Ue/Vinf    Dstar     Theta      Cf       H
   0.00000  1.00000  0.00000  1.00599  0.047068  0.009516 -0.000001     4.946
   0.00649  0.99361  0.00114  1.00654  0.045423  0.009481 -0.000001     4.791
   0.01709  0.98319  0.00310  1.00759  0.043288  0.009414 -0.000001     4.598
   0.02844  0.97205  0.00525  1.00862  0.041000  0.009352 -0.000001     4.384
   0.04018  0.96053  0.00749  1.00954  0.038654  0.009299 -0.000001     4.157
   0.05202  0.94889  0.00968  1.01023  0.036351  0.009261  0.000000     3.925
   0.06394  0.93716  0.01182  1.01057  0.034154  0.009243  0.000000     3.695
   0.07597  0.92532  0.01391  1.01020  0.032041  0.009261  0.000001     3.460
   0.08809  0.91338  0.01598  1.00850  0.030013  0.009345  0.000002     3.212
   0.10027  0.90137  0.01803  1.00777  0.028051  0.009380  0.000033     2.991
   0.11249  0.88932  0.02005  1.01112  0.026110  0.009228  0.000077     2.830
   0.12474  0.87723  0.02206  1.01563  0.024266  0.009034  0.000122     2.686
   0.13700  0.86514  0.02406  1.02127  0.022520  0.008805  0.000172     2.558
   0.14925  0.85305  0.02602  1.02795  0.020893  0.008549  0.000227     2.444
   0.16150  0.84095  0.02796  1.03567  0.019364  0.008271  0.000287     2.341
   0.17374  0.82886  0.02988  1.04429  0.017952  0.007980  0.000352     2.250
   0.18596  0.81679  0.03178  1.05376  0.016650  0.007680  0.000423     2.168
   0.19817  0.80472  0.03363  1.06398  0.015453  0.007378  0.000499     2.095
   0.21037  0.79266  0.03546  1.07479  0.014367  0.007078  0.000579     2.030
   0.22257  0.78059  0.03726  1.08623  0.013367  0.006781  0.000665     1.971
   0.23476  0.76853  0.03902  1.09814  0.012456  0.006492  0.000754     1.919
   0.24692  0.75649  0.04075  1.11038  0.011631  0.006214  0.000847     1.872
   0.25906  0.74447  0.04244  1.12283  0.010888  0.005948  0.000941     1.830
   0.27119  0.73246  0.04409  1.13558  0.010206  0.005693  0.001038     1.793
   0.28330  0.72045  0.04570  1.14824  0.009600  0.005455  0.001135     1.760
   0.29541  0.70844  0.04726  1.16096  0.009049  0.005229  0.001232     1.730
   0.30752  0.69643  0.04877  1.17365  0.008549  0.005017  0.001329     1.704
   0.31961  0.68443  0.05025  1.18631  0.008093  0.004816  0.001427     1.681
   0.33170  0.67242  0.05167  1.19872  0.007684  0.004629  0.001522     1.660
   0.34378  0.66042  0.05305  1.21115  0.007305  0.004452  0.001618     1.641
   0.35586  0.64841  0.05438  1.22352  0.006956  0.004284  0.001714     1.624
   0.36794  0.63640  0.05567  1.23560  0.006640  0.004127  0.001807     1.609
   0.38001  0.62440  0.05691  1.24781  0.006341  0.003977  0.001902     1.595
   0.39206  0.61241  0.05810  1.25981  0.006067  0.003835  0.001994     1.582
   0.40410  0.60042  0.05923  1.27183  0.005809  0.003699  0.002088     1.570
   0.41614  0.58843  0.06032  1.28341  0.005577  0.003574  0.002176     1.560
   0.42818  0.57643  0.06135  1.29482  0.005361  0.003455  0.002263     1.552
   0.44022  0.56443  0.06233  1.30644  0.005153  0.003339  0.002352     1.543
   0.45225  0.55243  0.06326  1.31790  0.004959  0.003230  0.002440     1.535
   0.46428  0.54044  0.06413  1.32915  0.004778  0.003126  0.002524     1.529
   0.47632  0.52843  0.06495  1.34040  0.004607  0.003026  0.002609     1.523
   0.48835  0.51642  0.06572  1.35174  0.004443  0.002929  0.002695     1.517
   0.50038  0.50441  0.06644  1.36304  0.004287  0.002835  0.002779     1.512
   0.51241  0.49240  0.06710  1.37427  0.004139  0.002746  0.002863     1.508
   0.52443  0.48040  0.06771  1.38592  0.003993  0.002657  0.002952     1.503
   0.53644  0.46840  0.06826  1.39743  0.003855  0.002572  0.003038     1.499
   0.54844  0.45641  0.06876  1.40909  0.003722  0.002489  0.003126     1.495
   0.56043  0.44442  0.06920  1.42064  0.003596  0.002410  0.003211     1.492
   0.57243  0.43244  0.06958  1.43236  0.003474  0.002332  0.003298     1.490
   0.58442  0.42045  0.06990  1.44400  0.003358  0.002258  0.003382     1.488
   0.59641  0.40846  0.07016  1.45620  0.003242  0.002183  0.003473     1.485
   0.60839  0.39649  0.07037  1.46865  0.003128  0.002109  0.003567     1.483
   0.62035  0.38453  0.07051  1.48107  0.003020  0.002038  0.003658     1.482
   0.63230  0.37257  0.07059  1.49379  0.002914  0.001969  0.003752     1.480
   0.64426  0.36062  0.07061  1.50651  0.002813  0.001902  0.003843     1.480
   0.65621  0.34867  0.07056  1.51975  0.002713  0.001835  0.003940     1.479
   0.66814  0.33673  0.07045  1.53367  0.002611  0.001767  0.004045     1.478
   0.68007  0.32481  0.07027  1.54759  0.002515  0.001702  0.004147     1.478
   0.69198  0.31290  0.07003  1.56225  0.002418  0.001637  0.004257     1.477
   0.70388  0.30100  0.06972  1.57729  0.002324  0.001573  0.004370     1.477
   0.71576  0.28913  0.06934  1.59328  0.002228  0.001509  0.004494     1.477
   0.72761  0.27728  0.06889  1.60980  0.002134  0.001445  0.004623     1.476
   0.73944  0.26547  0.06836  1.62678  0.002043  0.001383  0.004755     1.477
   0.75125  0.25368  0.06775  1.64440  0.001953  0.001322  0.004891     1.477
   0.76303  0.24191  0.06706  1.66309  0.001863  0.001261  0.005040     1.478
   0.77479  0.23018  0.06628  1.68264  0.001774  0.001200  0.005197     1.479
   0.78651  0.21849  0.06542  1.70360  0.001684  0.001139  0.005372     1.479
   0.79819  0.20685  0.06447  1.72561  0.001596  0.001078  0.005557     1.480
   0.80982  0.19527  0.06342  1.74902  0.001508  0.001018  0.005759     1.481
   0.82139  0.18375  0.06227  1.77384  0.001421  0.000959  0.005976     1.482
   0.83291  0.17230  0.06102  1.80051  0.001334  0.000900  0.006217     1.483
   0.84436  0.16093  0.05966  1.82917  0.001247  0.000841  0.006485     1.484
   0.85572  0.14967  0.05818  1.86033  0.001161  0.000782  0.006788     1.485
   0.86699  0.13852  0.05658  1.89343  0.001077  0.000724  0.007114     1.486
   0.87814  0.12750  0.05485  1.92969  0.000992  0.000667  0.007488     1.487
   0.88917  0.11663  0.05298  1.96888  0.000910  0.000611  0.007904     1.489
   0.90003  0.10595  0.05097  2.01261  0.000827  0.000556  0.008402     1.489
   0.91071  0.09550  0.04882  2.05960  0.000748  0.000502  0.008947     1.491
   0.92112  0.08534  0.04652  2.11376  0.000667  0.000448  0.009653     1.489
   0.93121  0.07556  0.04408  2.17329  0.000589  0.000396  0.010481     1.488
   0.94088  0.06623  0.04151  2.23895  0.000515  0.000347  0.011469     1.485
   0.95006  0.05745  0.03882  2.30778  0.000448  0.000302  0.012530     1.485
   0.95866  0.04931  0.03604  2.38215  0.000387  0.000260  0.013752     1.486
   0.96658  0.04191  0.03323  2.45951  0.000333  0.000224  0.015061     1.488
   0.97373  0.03532  0.03046  2.54247  0.000284  0.000191  0.016591     1.490
   0.98007  0.02957  0.02778  2.62860  0.000242  0.000162  0.018304     1.493
   0.98561  0.02464  0.02525  2.71845  0.000205  0.000137  0.020297     1.493
   0.99043  0.02044  0.02289  2.81537  0.000171  0.000115  0.022870     1.488
   0.99461  0.01688  0.02070  2.91473  0.000142  0.000096  0.025966     1.479
   0.99826  0.01386  0.01865  3.01726  0.000117  0.000080  0.029794     1.465
   1.00147  0.01129  0.01673  3.12436  0.000095  0.000065  0.034671     1.445
   1.00431  0.00910  0.01492  3.22974  0.000076  0.000053  0.040257     1.426
   1.00685  0.00723  0.01320  3.33631  0.000061  0.000043  0.045821     1.422
   1.00915  0.00562  0.01156  3.43768  0.000052  0.000035  0.044074     1.518
   1.01124  0.00425  0.00998  3.54160  0.000057  0.000028  0.021668     2.015
   1.01316  0.00310  0.00845  3.82377  0.000108  0.000018 -0.002090     6.051
   1.01491  0.00214  0.00698  3.86636  0.000075  0.000017 -0.001973     4.558
   1.01654  0.00137  0.00555  3.93459  0.000050  0.000015  0.003648     3.348
   1.01806  0.00078  0.00414  4.01951  0.000037  0.000013  0.012600     2.842
   1.01951  0.00035  0.00275  4.07550  0.000030  0.000011  0.019860     2.649
   1.02091  0.00009  0.00139  4.09795  0.000026  0.000010  0.024969     2.576
   1.02225  0.00000  0.00005  4.09725  0.000023  0.000009  0.032991     2.468
   1.02356  0.00008 -0.00126  4.03483  0.000019  0.000008  0.044102     2.329
   1.02488  0.00037 -0.00255  3.85450  0.000017  0.000008  0.051802     2.222
   1.02623  0.00085 -0.00381  3.56617  0.000017  0.000008  0.048859     2.202
   1.02766  0.00154 -0.00506  3.25508  0.000018  0.000008  0.043463     2.204
   1.02917  0.00244 -0.00628  2.93618  0.000018  0.000008  0.038968     2.187
   1.03079  0.00356 -0.00744  2.59969  0.000019  0.000009  0.033826     2.164
   1.03252  0.00491 -0.00853  2.25608  0.000020  0.000009  0.027853     2.141
   1.03439  0.00648 -0.00956  1.93200  0.000022  0.000010  0.021299     2.142
   1.03643  0.00827 -0.01053  1.65344  0.000025  0.000012  0.016101     2.153
   1.03867  0.01030 -0.01146  1.41232  0.000028  0.000013  0.012453     2.152
   1.04115  0.01262 -0.01236  1.19638  0.000031  0.000014  0.009355     2.162
   1.04395  0.01527 -0.01323  1.00404  0.000034  0.000016  0.007090     2.162
   1.04713  0.01833 -0.01409  0.82962  0.000038  0.000018  0.005163     2.176
   1.05078  0.02189 -0.01492  0.67180  0.000043  0.000020  0.003790     2.172
   1.05503  0.02606 -0.01574  0.52704  0.000048  0.000022  0.002580     2.196
   1.06002  0.03099 -0.01654  0.39462  0.000053  0.000024  0.001772     2.186
   1.06591  0.03683 -0.01730  0.27186  0.000060  0.000027  0.001042     2.219
   1.07284  0.04373 -0.01800  0.15990  0.000066  0.000030  0.000569     2.201
   1.08089  0.05175 -0.01862  0.06026  0.000079  0.000035  0.000175     2.230
   1.09000  0.06084 -0.01913 -0.02819  0.000079  0.000035  0.000082     2.230
   1.10001  0.07084 -0.01951 -0.10398  0.000095  0.000042  0.000244     2.257
   1.11070  0.08153 -0.01976 -0.16848  0.000100  0.000045  0.000384     2.228
   1.12185  0.09269 -0.01989 -0.22335  0.000112  0.000049  0.000437     2.276
   1.13333  0.10417 -0.01992 -0.27037  0.000118  0.000053  0.000512     2.251
   1.14504  0.11588 -0.01986 -0.31008  0.000129  0.000057  0.000520     2.286
   1.15691  0.12775 -0.01972 -0.34509  0.000136  0.000060  0.000561     2.268
   1.16889  0.13972 -0.01953 -0.37587  0.000145  0.000063  0.000563     2.286
   1.18095  0.15178 -0.01928 -0.40279  0.000152  0.000067  0.000572     2.288
   1.19307  0.16389 -0.01899 -0.42691  0.000160  0.000070  0.000575     2.293
   1.20523  0.17605 -0.01867 -0.44905  0.000167  0.000073  0.000582     2.292
   1.21742  0.18824 -0.01830 -0.46852  0.000175  0.000076  0.000572     2.304
   1.22965  0.20046 -0.01791 -0.48663  0.000181  0.000079  0.000575     2.301
   1.24191  0.21271 -0.01750 -0.50296  0.000188  0.000082  0.000567     2.309
   1.25418  0.22498 -0.01707 -0.51852  0.000194  0.000084  0.000571     2.305
   1.26646  0.23725 -0.01661 -0.53244  0.000201  0.000087  0.000559     2.315
   1.27877  0.24955 -0.01613 -0.54548  0.000207  0.000089  0.000556     2.316
   1.29109  0.26186 -0.01564 -0.55785  0.000213  0.000092  0.000553     2.315
   1.30342  0.27417 -0.01514 -0.56928  0.000219  0.000094  0.000546     2.320
   1.31576  0.28651 -0.01462 -0.57989  0.000225  0.000097  0.000539     2.324
   1.32811  0.29885 -0.01409 -0.58980  0.000231  0.000099  0.000532     2.327
   1.34048  0.31121 -0.01355 -0.59931  0.000237  0.000102  0.000528     2.327
   1.35287  0.32359 -0.01301 -0.60837  0.000242  0.000104  0.000524     2.328
   1.36527  0.33597 -0.01246 -0.61699  0.000247  0.000106  0.000520     2.329
   1.37766  0.34835 -0.01191 -0.62500  0.000253  0.000109  0.000512     2.333
   1.39006  0.36074 -0.01136 -0.63322  0.000257  0.000110  0.000515     2.326
   1.40246  0.37312 -0.01080 -0.64052  0.000263  0.000113  0.000505     2.334
   1.41486  0.38551 -0.01024 -0.64738  0.000269  0.000115  0.000497     2.339
   1.42727  0.39791 -0.00967 -0.65453  0.000272  0.000117  0.000499     2.333
   1.43968  0.41030 -0.00911 -0.66079  0.000278  0.000119  0.000489     2.341
   1.45208  0.42269 -0.00854 -0.66725  0.000282  0.000121  0.000489     2.337
   1.46447  0.43507 -0.00797 -0.67295  0.000288  0.000123  0.000479     2.345
   1.47686  0.44745 -0.00741 -0.67882  0.000292  0.000125  0.000478     2.342
   1.48926  0.45983 -0.00685 -0.68408  0.000298  0.000127  0.000470     2.348
   1.50165  0.47221 -0.00630 -0.69004  0.000300  0.000128  0.000476     2.337
   1.51404  0.48459 -0.00575 -0.69489  0.000306  0.000130  0.000465     2.348
   1.52641  0.49695 -0.00520 -0.69996  0.000310  0.000132  0.000463     2.346
   1.53879  0.50931 -0.00466 -0.70497  0.000314  0.000134  0.000461     2.345
   1.55116  0.52167 -0.00414 -0.70978  0.000318  0.000135  0.000458     2.345
   1.56351  0.53402 -0.00361 -0.71430  0.000322  0.000137  0.000453     2.348
   1.57586  0.54635 -0.00310 -0.71891  0.000326  0.000139  0.000452     2.346
   1.58820  0.55868 -0.00260 -0.72338  0.000329  0.000140  0.000450     2.346
   1.60053  0.57100 -0.00212 -0.72785  0.000333  0.000142  0.000450     2.344
   1.61287  0.58333 -0.00165 -0.73230  0.000336  0.000143  0.000449     2.341
   1.62519  0.59565 -0.00118 -0.73629  0.000340  0.000145  0.000443     2.346
   1.63751  0.60796 -0.00074 -0.74112  0.000341  0.000146  0.000451     2.333
   1.64983  0.62027 -0.00031 -0.74507  0.000345  0.000148  0.000445     2.339
   1.66215  0.63259  0.00011 -0.74949  0.000347  0.000149  0.000448     2.334
   1.67447  0.64489  0.00051 -0.75339  0.000351  0.000150  0.000443     2.338
   1.68678  0.65720  0.00090 -0.75780  0.000352  0.000151  0.000447     2.331
   1.69909  0.66950  0.00127 -0.76182  0.000356  0.000152  0.000445     2.332
   1.71138  0.68179  0.00162 -0.76605  0.000357  0.000154  0.000447     2.328
   1.72367  0.69407  0.00196 -0.76993  0.000361  0.000155  0.000445     2.330
   1.73596  0.70636  0.00228 -0.77468  0.000360  0.000155  0.000454     2.316
   1.74824  0.71864  0.00257 -0.77816  0.000365  0.000157  0.000445     2.327
   1.76051  0.73091  0.00285 -0.78246  0.000366  0.000158  0.000450     2.320
   1.77277  0.74316  0.00311 -0.78675  0.000367  0.000158  0.000453     2.315
   1.78503  0.75541  0.00334 -0.79082  0.000369  0.000159  0.000453     2.314
   1.79727  0.76766  0.00355 -0.79538  0.000368  0.000160  0.000460     2.305
   1.80951  0.77990  0.00373 -0.80013  0.000368  0.000160  0.000468     2.296
   1.82175  0.79213  0.00389 -0.80447  0.000369  0.000161  0.000469     2.295
   1.83398  0.80436  0.00402 -0.80914  0.000369  0.000161  0.000474     2.290
   1.84619  0.81658  0.00412 -0.81421  0.000368  0.000161  0.000483     2.280
   1.85839  0.82878  0.00420 -0.81866  0.000370  0.000162  0.000483     2.281
   1.87058  0.84096  0.00424 -0.82454  0.000365  0.000162  0.000500     2.262
   1.88275  0.85313  0.00425 -0.82968  0.000365  0.000162  0.000505     2.259
   1.89490  0.86528  0.00423 -0.83562  0.000362  0.000161  0.000519     2.246
   1.90702  0.87740  0.00416 -0.84126  0.000361  0.000161  0.000526     2.242
   1.91912  0.88950  0.00406 -0.84861  0.000355  0.000160  0.000553     2.217
   1.93119  0.90157  0.00391 -0.85518  0.000352  0.000159  0.000564     2.211
   1.94323  0.91360  0.00371 -0.86380  0.000344  0.000157  0.000598     2.184
   1.95522  0.92559  0.00346 -0.87220  0.000338  0.000156  0.000622     2.169
   1.96713  0.93750  0.00315 -0.88282  0.000327  0.000153  0.000667     2.138
   1.97894  0.94930  0.00279 -0.89463  0.000316  0.000150  0.000717     2.109
   1.99056  0.96092  0.00235 -0.90853  0.000303  0.000146  0.000782     2.074
   2.00192  0.97226  0.00183 -0.92788  0.000281  0.000140  0.000903     2.015
   2.01288  0.98321  0.00122 -0.95448  0.000253  0.000131  0.001090     1.942
   2.02326  0.99357  0.00052 -1.00768  0.000202  0.000112  0.001603     1.796
   2.02971  1.00000  0.00000 -1.00599  0.000225  0.000118  0.001957     1.912
   2.02971  1.00010 -0.00001  1.00599  0.047293  0.009634  0.000000     4.909
   2.03618  1.00653 -0.00074  1.00316  0.045843  0.009820  0.000000     4.669
   2.04344  1.01376 -0.00136  1.00016  0.045147  0.010016  0.000000     4.508
   2.05158  1.02188 -0.00191  0.99659  0.044396  0.010248  0.000000     4.332
   2.06071  1.03100 -0.00241  0.99228  0.043534  0.010529  0.000000     4.135
   2.07096  1.04123 -0.00283  0.98694  0.042507  0.010877  0.000000     3.908
   2.08245  1.05272 -0.00317  0.98001  0.041284  0.011328  0.000000     3.644
   2.09534  1.06561 -0.00341  0.97021  0.039859  0.011970  0.000000     3.330
   2.10979  1.08006 -0.00353  0.95764  0.038225  0.012803  0.000000     2.986
   2.12601  1.09628 -0.00348  0.95047  0.036283  0.013279  0.000000     2.732
   2.14420  1.11447 -0.00324  0.94454  0.034182  0.013669  0.000000     2.501
   2.16460  1.13487 -0.00277  0.94011  0.031977  0.013954  0.000000     2.292
   2.18749  1.15774 -0.00200  0.93736  0.029734  0.014127  0.000000     2.105
   2.21317  1.18339 -0.00087  0.93635  0.027529  0.014189  0.000000     1.940
   2.24196  1.21215  0.00068  0.93695  0.025432  0.014153  0.000000     1.797
   2.27427  1.24438  0.00274  0.93893  0.023499  0.014042  0.000000     1.673
   2.31050  1.28052  0.00542  0.94192  0.021764  0.013881  0.000000     1.568
   2.35115  1.32102  0.00883  0.94557  0.020239  0.013693  0.000000     1.478
   2.39674  1.36641  0.01310  0.94956  0.018920  0.013496  0.000000     1.402
   2.44788  1.41728  0.01840  0.95366  0.017788  0.013302  0.000000     1.337
   2.50525  1.47428  0.02489  0.95769  0.016823  0.013118  0.000000     1.282
   2.56960  1.53814  0.03278  0.96157  0.016000  0.012946  0.000000     1.236
   2.64178  1.60969  0.04231  0.96525  0.015301  0.012788  0.000000     1.197
   2.72275  1.68985  0.05374  0.96868  0.014708  0.012644  0.000000     1.163
   2.81357  1.77964  0.06736  0.97188  0.014206  0.012514  0.000000     1.135
   2.91544  1.88022  0.08353  0.97482  0.013783  0.012396  0.000000     1.112
   3.02971  1.99289  0.10261  0.97886  0.013368  0.012238  0.000000     1.092
