# s      x(s)
0.0000 1.0000
0.0062 0.9938
0.0123 0.9877
0.0185 0.9815
0.0247 0.9754
0.0308 0.9692
0.0370 0.9631
0.0432 0.9569
0.0493 0.9507
0.0555 0.9446
0.0617 0.9384
0.0678 0.9322
0.0740 0.9261
0.0802 0.9199
0.0863 0.9138
0.0925 0.9076
0.0987 0.9014
0.1048 0.8952
0.1110 0.8891
0.1172 0.8829
0.1233 0.8767
0.1295 0.8706
0.1357 0.8644
0.1418 0.8583
0.1480 0.8521
0.1542 0.8459
0.1603 0.8398
0.1665 0.8336
0.1727 0.8274
0.1789 0.8212
0.1850 0.8151
0.1912 0.8089
0.1974 0.8027
0.2035 0.7966
0.2097 0.7904
0.2159 0.7842
0.2220 0.7781
0.2282 0.7719
0.2344 0.7657
0.2405 0.7596
0.2467 0.7534
0.2529 0.7472
0.2590 0.7411
0.2652 0.7349
0.2714 0.7287
0.2775 0.7226
0.2837 0.7164
0.2899 0.7102
0.2960 0.7041
0.3022 0.6979
0.3084 0.6918
0.3145 0.6856
0.3207 0.6794
0.3269 0.6733
0.3330 0.6671
0.3392 0.6609
0.3454 0.6548
0.3515 0.6486
0.3577 0.6424
0.3639 0.6363
0.3700 0.6301
0.3762 0.6239
0.3824 0.6178
0.3885 0.6116
0.3947 0.6055
0.4009 0.5993
0.4070 0.5931
0.4132 0.5870
0.4194 0.5808
0.4255 0.5746
0.4317 0.5685
0.4379 0.5623
0.4440 0.5561
0.4502 0.5500
0.4564 0.5438
0.4625 0.5377
0.4687 0.5315
0.4749 0.5253
0.4810 0.5192
0.4872 0.5130
0.4934 0.5069
0.4996 0.5007
0.5057 0.4945
0.5119 0.4884
0.5181 0.4822
0.5242 0.4760
0.5304 0.4699
0.5366 0.4637
0.5427 0.4576
0.5489 0.4514
0.5551 0.4452
0.5612 0.4391
0.5674 0.4329
0.5736 0.4268
0.5797 0.4206
0.5859 0.4144
0.5921 0.4083
0.5982 0.4021
0.6044 0.3959
0.6106 0.3898
0.6167 0.3836
0.6229 0.3775
0.6291 0.3713
0.6352 0.3651
0.6414 0.3590
0.6476 0.3528
0.6537 0.3467
0.6599 0.3405
0.6661 0.3343
0.6722 0.3282
0.6784 0.3220
0.6846 0.3159
0.6907 0.3097
0.6969 0.3035
0.7031 0.2974
0.7092 0.2912
0.7154 0.2850
0.7216 0.2789
0.7277 0.2727
0.7339 0.2666
0.7401 0.2604
0.7462 0.2542
0.7524 0.2481
0.7586 0.2419
0.7647 0.2357
0.7709 0.2296
0.7771 0.2234
0.7832 0.2173
0.7894 0.2111
0.7956 0.2049
0.8017 0.1988
0.8079 0.1926
0.8141 0.1864
0.8203 0.1803
0.8264 0.1741
0.8326 0.1679
0.8388 0.1618
0.8449 0.1556
0.8511 0.1494
0.8573 0.1433
0.8634 0.1371
0.8696 0.1309
0.8758 0.1248
0.8819 0.1186
0.8881 0.1124
0.8943 0.1063
0.9004 0.1001
0.9066 0.0939
0.9128 0.0878
0.9189 0.0816
0.9251 0.0754
0.9313 0.0693
0.9374 0.0631
0.9436 0.0570
0.9498 0.0508
0.9559 0.0447
0.9621 0.0385
0.9683 0.0324
0.9744 0.0263
0.9806 0.0203
0.9868 0.0144
0.9929 0.0087
0.9991 0.0033
1.0053 0.0002
1.0114 0.0011
1.0176 0.0044
1.0238 0.0086
1.0299 0.0134
1.0361 0.0185
1.0423 0.0237
1.0484 0.0292
1.0546 0.0348
1.0608 0.0404
1.0669 0.0462
1.0731 0.0519
1.0793 0.0578
1.0854 0.0637
1.0916 0.0696
1.0978 0.0756
1.1039 0.0815
1.1101 0.0875
1.1163 0.0935
1.1224 0.0996
1.1286 0.1056
1.1348 0.1117
1.1409 0.1177
1.1471 0.1238
1.1533 0.1299
1.1595 0.1360
1.1656 0.1421
1.1718 0.1482
1.1780 0.1543
1.1841 0.1604
1.1903 0.1665
1.1965 0.1727
1.2026 0.1788
1.2088 0.1849
1.2150 0.1911
1.2211 0.1972
1.2273 0.2034
1.2335 0.2095
1.2396 0.2156
1.2458 0.2218
1.2520 0.2279
1.2581 0.2341
1.2643 0.2403
1.2705 0.2464
1.2766 0.2526
1.2828 0.2587
1.2890 0.2649
1.2951 0.2710
1.3013 0.2772
1.3075 0.2834
1.3136 0.2895
1.3198 0.2957
1.3260 0.3019
1.3321 0.3080
1.3383 0.3142
1.3445 0.3204
1.3506 0.3265
1.3568 0.3327
1.3630 0.3389
1.3691 0.3450
1.3753 0.3512
1.3815 0.3574
1.3876 0.3635
1.3938 0.3697
1.4000 0.3759
1.4061 0.3820
1.4123 0.3882
1.4185 0.3944
1.4246 0.4005
1.4308 0.4067
1.4370 0.4129
1.4431 0.4190
1.4493 0.4252
1.4555 0.4314
1.4616 0.4375
1.4678 0.4437
1.4740 0.4498
1.4802 0.4560
1.4863 0.4622
1.4925 0.4683
1.4987 0.4745
1.5048 0.4807
1.5110 0.4868
1.5172 0.4930
1.5233 0.4991
1.5295 0.5053
1.5357 0.5114
1.5418 0.5176
1.5480 0.5238
1.5542 0.5299
1.5603 0.5361
1.5665 0.5422
1.5727 0.5484
1.5788 0.5545
1.5850 0.5607
1.5912 0.5668
1.5973 0.5730
1.6035 0.5791
1.6097 0.5852
1.6158 0.5914
1.6220 0.5975
1.6282 0.6037
1.6343 0.6098
1.6405 0.6160
1.6467 0.6221
1.6528 0.6282
1.6590 0.6344
1.6652 0.6405
1.6713 0.6466
1.6775 0.6527
1.6837 0.6589
1.6898 0.6650
1.6960 0.6711
1.7022 0.6773
1.7083 0.6834
1.7145 0.6895
1.7207 0.6956
1.7268 0.7017
1.7330 0.7079
1.7392 0.7140
1.7453 0.7201
1.7515 0.7262
1.7577 0.7323
1.7638 0.7384
1.7700 0.7445
1.7762 0.7506
1.7823 0.7567
1.7885 0.7629
1.7947 0.7690
1.8009 0.7751
1.8070 0.7812
1.8132 0.7873
1.8194 0.7934
1.8255 0.7995
1.8317 0.8056
1.8379 0.8116
1.8440 0.8177
1.8502 0.8238
1.8564 0.8299
1.8625 0.8360
1.8687 0.8421
1.8749 0.8482
1.8810 0.8543
1.8872 0.8604
1.8934 0.8665
1.8995 0.8725
1.9057 0.8786
1.9119 0.8847
1.9180 0.8908
1.9242 0.8969
1.9304 0.9030
1.9365 0.9090
1.9427 0.9151
1.9489 0.9212
1.9550 0.9273
1.9612 0.9333
1.9674 0.9394
1.9735 0.9455
1.9797 0.9515
1.9859 0.9576
1.9920 0.9637
1.9982 0.9697
2.0044 0.9758
2.0105 0.9818
2.0167 0.9879
2.0229 0.9939
2.0290 1.0000
