32	8.8642
32.107	8.8052
32.214	8.7468
32.3211	8.689
32.4281	8.6317
32.5351	8.575
32.6421	8.5189
32.7492	8.4633
32.8562	8.4083
32.9632	8.3538
33.0702	8.2998
33.1773	8.2463
33.2843	8.1934
33.3913	8.1409
33.4983	8.089
33.6054	8.0376
33.7124	7.9866
33.8194	7.9361
33.9264	7.8862
34.0334	7.8366
34.1405	7.7876
34.2475	7.739
34.3545	7.6908
34.4615	7.6431
34.5686	7.5959
34.6756	7.5491
34.7826	7.5027
34.8896	7.4567
34.9967	7.4112
35.1037	7.3661
35.2107	7.3214
35.3177	7.2771
35.4247	7.2332
35.5318	7.1896
35.6388	7.1465
35.7458	7.1038
35.8528	7.0615
35.9599	7.0195
36.0669	6.9779
36.1739	6.9367
36.2809	6.8958
36.388	6.8553
36.495	6.8151
36.602	6.7753
36.709	6.7359
36.8161	6.6968
36.9231	6.658
37.0301	6.6196
37.1371	6.5815
37.2441	6.5437
37.3512	6.5063
37.4582	6.4692
37.5652	6.4323
37.6722	6.3959
37.7793	6.3597
37.8863	6.3238
37.9933	6.2882
38.1003	6.2529
38.2074	6.2179
38.3144	6.1833
38.4214	6.1489
38.5284	6.1147
38.6355	6.0809
38.7425	6.0474
38.8495	6.0141
38.9565	5.9811
39.0635	5.9484
39.1706	5.9159
39.2776	5.8837
39.3846	5.8518
39.4916	5.8201
39.5987	5.7887
39.7057	5.7575
39.8127	5.7266
39.9197	5.6959
40.0268	5.6655
40.1338	5.6354
40.2408	5.6054
40.3478	5.5757
40.4548	5.5463
40.5619	5.517
40.6689	5.488
40.7759	5.4593
40.8829	5.4307
40.99	5.4024
41.097	5.3743
41.204	5.3464
41.311	5.3187
41.4181	5.2913
41.5251	5.2641
41.6321	5.237
41.7391	5.2102
41.8462	5.1836
41.9532	5.1572
42.0602	5.131
42.1672	5.1049
42.2742	5.0791
42.3813	5.0535
42.4883	5.0281
42.5953	5.0029
42.7023	4.9778
42.8094	4.9529
42.9164	4.9283
43.0234	4.9038
43.1304	4.8795
43.2375	4.8554
43.3445	4.8314
43.4515	4.8076
43.5585	4.784
43.6656	4.7606
43.7726	4.7374
43.8796	4.7143
43.9866	4.6914
44.0936	4.6686
44.2007	4.646
44.3077	4.6236
44.4147	4.6014
44.5217	4.5793
44.6288	4.5573
44.7358	4.5356
44.8428	4.5139
44.9498	4.4925
45.0569	4.4712
45.1639	4.45
45.2709	4.429
45.3779	4.4081
45.4849	4.3874
45.592	4.3668
45.699	4.3464
45.806	4.3261
45.913	4.306
46.0201	4.2859
46.1271	4.2661
46.2341	4.2464
46.3411	4.2268
46.4482	4.2073
46.5552	4.188
46.6622	4.1688
46.7692	4.1497
46.8763	4.1308
46.9833	4.112
47.0903	4.0933
47.1973	4.0748
47.3043	4.0564
47.4114	4.0381
47.5184	4.0199
47.6254	4.0019
47.7324	3.984
47.8395	3.9661
47.9465	3.9485
48.0535	3.9309
48.1605	3.9134
48.2676	3.8961
48.3746	3.8789
48.4816	3.8618
48.5886	3.8448
48.6957	3.8279
48.8027	3.8111
48.9097	3.7945
49.0167	3.7779
49.1237	3.7615
49.2308	3.7451
49.3378	3.7289
49.4448	3.7128
49.5518	3.6968
49.6589	3.6808
49.7659	3.665
49.8729	3.6493
49.9799	3.6337
50.087	3.6182
50.194	3.6028
50.301	3.5875
50.408	3.5722
50.5151	3.5571
50.6221	3.5421
50.7291	3.5272
50.8361	3.5123
50.9431	3.4976
51.0502	3.4829
51.1572	3.4684
51.2642	3.4539
51.3712	3.4395
51.4783	3.4253
51.5853	3.4111
51.6923	3.397
51.7993	3.3829
51.9064	3.369
52.0134	3.3551
52.1204	3.3414
52.2274	3.3277
52.3344	3.3141
52.4415	3.3006
52.5485	3.2872
52.6555	3.2738
52.7625	3.2605
52.8696	3.2474
52.9766	3.2342
53.0836	3.2212
53.1906	3.2083
53.2977	3.1954
53.4047	3.1826
53.5117	3.1699
53.6187	3.1572
53.7258	3.1447
53.8328	3.1322
53.9398	3.1198
54.0468	3.1074
54.1538	3.0952
54.2609	3.083
54.3679	3.0708
54.4749	3.0588
54.5819	3.0468
54.689	3.0349
54.796	3.023
54.903	3.0113
55.01	2.9996
55.1171	2.9879
55.2241	2.9764
55.3311	2.9648
55.4381	2.9534
55.5452	2.942
55.6522	2.9307
55.7592	2.9195
55.8662	2.9083
55.9732	2.8972
56.0803	2.8862
56.1873	2.8752
56.2943	2.8643
56.4013	2.8534
56.5084	2.8426
56.6154	2.8319
56.7224	2.8212
56.8294	2.8106
56.9365	2.8
57.0435	2.7895
57.1505	2.7791
57.2575	2.7687
57.3645	2.7584
57.4716	2.7481
57.5786	2.7379
57.6856	2.7278
57.7926	2.7177
57.8997	2.7076
58.0067	2.6976
58.1137	2.6877
58.2207	2.6778
58.3278	2.668
58.4348	2.6583
58.5418	2.6486
58.6488	2.6389
58.7559	2.6293
58.8629	2.6197
58.9699	2.6102
59.0769	2.6008
59.1839	2.5914
59.291	2.582
59.398	2.5728
59.505	2.5635
59.612	2.5543
59.7191	2.5452
59.8261	2.5361
59.9331	2.527
60.0401	2.518
60.1472	2.5091
60.2542	2.5002
60.3612	2.4913
60.4682	2.4825
60.5753	2.4737
60.6823	2.465
60.7893	2.4563
60.8963	2.4477
61.0033	2.4391
61.1104	2.4306
61.2174	2.4221
61.3244	2.4137
61.4314	2.4052
61.5385	2.3969
61.6455	2.3886
61.7525	2.3803
61.8595	2.3721
61.9666	2.3639
62.0736	2.3557
62.1806	2.3476
62.2876	2.3396
62.3946	2.3316
62.5017	2.3236
62.6087	2.3156
62.7157	2.3077
62.8227	2.2999
62.9298	2.2921
63.0368	2.2843
63.1438	2.2766
63.2508	2.2689
63.3579	2.2612
63.4649	2.2536
63.5719	2.246
63.6789	2.2385
63.786	2.231
63.893	2.2235
64	2.2161
	
	
	
	
	
	
	
	
	
	
	
	
	
	
	
	
	
	
	
	
	
	
	
	
	
	
	
	
	
	
	
	
	
	
	
	
	
	
	
	
	
	
	
	
	
	
	
	
	
	
	
	
	
	
	
	
	
	
	
	
	
	
	
	
	
	
	
	
	
	
	
	
	
	
	
	
	
	
	
	
	
	
	
	
	
	
	
	
	
	
	
	
	
	
	
	
	
	
	
	
	
	
	
	
	
	
	
	
	
	
	
	
	
	
	
	
	
	
	
	
	
	
	
	
	
	
	
	
	
	
	
	
	
	
	
	
	
	
	
	
	
	
	
	
	
	
	
	
	
	
	
	
	
	
	
	
	
	
	
	
	
	
	
	
	
	
	
	
	
	
	
	
	
	
	
	
	
	
	
	
	
	
	
	
	
	
	
	
	
	
	
	
	
	
	
	
	
	
	
	
	
	
	
	
	
	
	
	
	
	
	
	
	
	
	
	
	
	
	
	
	
	
	
	
	
	
	
	
	
	
	
	
	
	
	
	
	
	
	
	
	
	
	
	
	
	
	
	
	
	
	
	
	
	
	
	
	
	
	
	
	
	
	
	
	
	
	
	
	
	
	
	
	
	
	
	
	
	
	
	
	
	
	
	
	
	
	
	
	
	
	
	
	
	
	
	
	
	
	
	
	
	
	
	
