32	0.0972
32.107	0.096
32.214	0.0947
32.3211	0.0934
32.4281	0.0922
32.5351	0.091
32.6421	0.0898
32.7492	0.0886
32.8562	0.0875
32.9632	0.0864
33.0702	0.0853
33.1773	0.0842
33.2843	0.0831
33.3913	0.082
33.4983	0.081
33.6054	0.08
33.7124	0.0789
33.8194	0.0779
33.9264	0.077
34.0334	0.076
34.1405	0.0751
34.2475	0.0741
34.3545	0.0732
34.4615	0.0723
34.5686	0.0714
34.6756	0.0705
34.7826	0.0697
34.8896	0.0688
34.9967	0.068
35.1037	0.0672
35.2107	0.0663
35.3177	0.0655
35.4247	0.0647
35.5318	0.064
35.6388	0.0632
35.7458	0.0625
35.8528	0.0617
35.9599	0.061
36.0669	0.0603
36.1739	0.0595
36.2809	0.0588
36.388	0.0582
36.495	0.0575
36.602	0.0568
36.709	0.0562
36.8161	0.0555
36.9231	0.0549
37.0301	0.0542
37.1371	0.0536
37.2441	0.053
37.3512	0.0524
37.4582	0.0518
37.5652	0.0512
37.6722	0.0506
37.7793	0.0501
37.8863	0.0495
37.9933	0.0489
38.1003	0.0484
38.2074	0.0478
38.3144	0.0473
38.4214	0.0468
38.5284	0.0463
38.6355	0.0458
38.7425	0.0453
38.8495	0.0448
38.9565	0.0443
39.0635	0.0438
39.1706	0.0433
39.2776	0.0428
39.3846	0.0424
39.4916	0.0419
39.5987	0.0415
39.7057	0.041
39.8127	0.0406
39.9197	0.0402
40.0268	0.0397
40.1338	0.0393
40.2408	0.0389
40.3478	0.0385
40.4548	0.0381
40.5619	0.0377
40.6689	0.0373
40.7759	0.0369
40.8829	0.0365
40.99	0.0361
41.097	0.0357
41.204	0.0354
41.311	0.035
41.4181	0.0346
41.5251	0.0343
41.6321	0.0339
41.7391	0.0336
41.8462	0.0333
41.9532	0.0329
42.0602	0.0326
42.1672	0.0323
42.2742	0.0319
42.3813	0.0316
42.4883	0.0313
42.5953	0.031
42.7023	0.0307
42.8094	0.0304
42.9164	0.0301
43.0234	0.0298
43.1304	0.0295
43.2375	0.0292
43.3445	0.0289
43.4515	0.0286
43.5585	0.0283
43.6656	0.028
43.7726	0.0278
43.8796	0.0275
43.9866	0.0272
44.0936	0.027
44.2007	0.0267
44.3077	0.0265
44.4147	0.0262
44.5217	0.026
44.6288	0.0257
44.7358	0.0255
44.8428	0.0252
44.9498	0.025
45.0569	0.0247
45.1639	0.0245
45.2709	0.0243
45.3779	0.024
45.4849	0.0238
45.592	0.0236
45.699	0.0234
45.806	0.0232
45.913	0.0229
46.0201	0.0227
46.1271	0.0225
46.2341	0.0223
46.3411	0.0221
46.4482	0.0219
46.5552	0.0217
46.6622	0.0215
46.7692	0.0213
46.8763	0.0211
46.9833	0.0209
47.0903	0.0207
47.1973	0.0205
47.3043	0.0204
47.4114	0.0202
47.5184	0.02
47.6254	0.0198
47.7324	0.0196
47.8395	0.0195
47.9465	0.0193
48.0535	0.0191
48.1605	0.019
48.2676	0.0188
48.3746	0.0186
48.4816	0.0185
48.5886	0.0183
48.6957	0.0181
48.8027	0.018
48.9097	0.0178
49.0167	0.0177
49.1237	0.0175
49.2308	0.0174
49.3378	0.0172
49.4448	0.0171
49.5518	0.0169
49.6589	0.0168
49.7659	0.0166
49.8729	0.0165
49.9799	0.0163
50.087	0.0162
50.194	0.0161
50.301	0.0159
50.408	0.0158
50.5151	0.0157
50.6221	0.0155
50.7291	0.0154
50.8361	0.0153
50.9431	0.0151
51.0502	0.015
51.1572	0.0149
51.2642	0.0148
51.3712	0.0146
51.4783	0.0145
51.5853	0.0144
51.6923	0.0143
51.7993	0.0142
51.9064	0.014
52.0134	0.0139
52.1204	0.0138
52.2274	0.0137
52.3344	0.0136
52.4415	0.0135
52.5485	0.0134
52.6555	0.0133
52.7625	0.0132
52.8696	0.0131
52.9766	0.0129
53.0836	0.0128
53.1906	0.0127
53.2977	0.0126
53.4047	0.0125
53.5117	0.0124
53.6187	0.0123
53.7258	0.0122
53.8328	0.0121
53.9398	0.012
54.0468	0.012
54.1538	0.0119
54.2609	0.0118
54.3679	0.0117
54.4749	0.0116
54.5819	0.0115
54.689	0.0114
54.796	0.0113
54.903	0.0112
55.01	0.0111
55.1171	0.011
55.2241	0.011
55.3311	0.0109
55.4381	0.0108
55.5452	0.0107
55.6522	0.0106
55.7592	0.0105
55.8662	0.0105
55.9732	0.0104
56.0803	0.0103
56.1873	0.0102
56.2943	0.0102
56.4013	0.0101
56.5084	0.01
56.6154	0.0099
56.7224	0.0099
56.8294	0.0098
56.9365	0.0097
57.0435	0.0096
57.1505	0.0096
57.2575	0.0095
57.3645	0.0094
57.4716	0.0093
57.5786	0.0093
57.6856	0.0092
57.7926	0.0091
57.8997	0.0091
58.0067	0.009
58.1137	0.0089
58.2207	0.0089
58.3278	0.0088
58.4348	0.0087
58.5418	0.0087
58.6488	0.0086
58.7559	0.0086
58.8629	0.0085
58.9699	0.0084
59.0769	0.0084
59.1839	0.0083
59.291	0.0083
59.398	0.0082
59.505	0.0081
59.612	0.0081
59.7191	0.008
59.8261	0.008
59.9331	0.0079
60.0401	0.0078
60.1472	0.0078
60.2542	0.0077
60.3612	0.0077
60.4682	0.0076
60.5753	0.0076
60.6823	0.0075
60.7893	0.0075
60.8963	0.0074
61.0033	0.0074
61.1104	0.0073
61.2174	0.0073
61.3244	0.0072
61.4314	0.0072
61.5385	0.0071
61.6455	0.0071
61.7525	0.007
61.8595	0.007
61.9666	0.0069
62.0736	0.0069
62.1806	0.0068
62.2876	0.0068
62.3946	0.0067
62.5017	0.0067
62.6087	0.0066
62.7157	0.0066
62.8227	0.0065
62.9298	0.0065
63.0368	0.0065
63.1438	0.0064
63.2508	0.0064
63.3579	0.0063
63.4649	0.0063
63.5719	0.0062
63.6789	0.0062
63.786	0.0062
63.893	0.0061
64	0.0061
	
	
	
	
	
	
	
	
	
	
	
	
	
	
	
	
	
	
	
	
	
	
	
	
	
	
	
	
	
	
	
	
	
	
	
	
	
	
	
	
	
	
	
	
	
	
	
	
	
	
	
	
	
	
	
	
	
	
	
	
	
	
	
	
	
	
	
	
	
	
	
	
	
	
	
	
	
	
	
	
	
	
	
	
	
	
	
	
	
	
	
	
	
	
	
	
	
	
	
	
	
	
	
	
	
	
	
	
	
	
	
	
	
	
	
	
	
	
	
	
	
	
	
	
	
	
	
	
	
	
	
	
	
	
	
	
	
	
	
	
	
	
	
	
	
	
	
	
	
	
	
	
	
	
	
	
	
	
	
	
	
	
	
	
	
	
	
	
	
	
	
	
	
	
	
	
	
	
	
	
	
	
	
	
	
	
	
	
	
	
	
	
	
	
	
	
	
	
	
	
	
	
	
	
	
	
	
	
	
	
	
	
	
	
	
	
	
	
	
	
	
	
	
	
	
	
	
	
	
	
	
	
	
	
	
	
	
	
	
	
	
	
	
	
	
	
	
	
	
	
	
	
	
	
	
	
	
	
	
	
	
	
	
	
	
	
	
	
	
	
	
	
	
	
	
	
	
	
	
	
	
	
	
	
	
	
	
	
	
	
	
	
	
	
	
	
	
	
	
	
	
	
	
	
