23	1.4935
23.0569	1.4861
23.1137	1.4788
23.1706	1.4716
23.2274	1.4644
23.2843	1.4572
23.3411	1.4501
23.398	1.4431
23.4548	1.4361
23.5117	1.4292
23.5686	1.4223
23.6254	1.4154
23.6823	1.4087
23.7391	1.4019
23.796	1.3952
23.8528	1.3886
23.9097	1.382
23.9666	1.3754
24.0234	1.3689
24.0803	1.3625
24.1371	1.3561
24.194	1.3497
24.2508	1.3434
24.3077	1.3371
24.3645	1.3309
24.4214	1.3247
24.4783	1.3185
24.5351	1.3124
24.592	1.3064
24.6488	1.3003
24.7057	1.2944
24.7625	1.2884
24.8194	1.2825
24.8763	1.2767
24.9331	1.2709
24.99	1.2651
25.0468	1.2593
25.1037	1.2536
25.1605	1.248
25.2174	1.2424
25.2742	1.2368
25.3311	1.2312
25.388	1.2257
25.4448	1.2203
25.5017	1.2148
25.5585	1.2094
25.6154	1.2041
25.6722	1.1987
25.7291	1.1934
25.786	1.1882
25.8428	1.183
25.8997	1.1778
25.9565	1.1726
26.0134	1.1675
26.0702	1.1624
26.1271	1.1574
26.1839	1.1523
26.2408	1.1474
26.2977	1.1424
26.3545	1.1375
26.4114	1.1326
26.4682	1.1277
26.5251	1.1229
26.5819	1.1181
26.6388	1.1133
26.6957	1.1086
26.7525	1.1039
26.8094	1.0992
26.8662	1.0946
26.9231	1.0899
26.9799	1.0853
27.0368	1.0808
27.0936	1.0763
27.1505	1.0718
27.2074	1.0673
27.2642	1.0628
27.3211	1.0584
27.3779	1.054
27.4348	1.0497
27.4916	1.0453
27.5485	1.041
27.6054	1.0367
27.6622	1.0325
27.7191	1.0282
27.7759	1.024
27.8328	1.0199
27.8896	1.0157
27.9465	1.0116
28.0033	1.0075
28.0602	1.0034
28.1171	0.9993
28.1739	0.9953
28.2308	0.9913
28.2876	0.9873
28.3445	0.9834
28.4013	0.9794
28.4582	0.9755
28.5151	0.9716
28.5719	0.9678
28.6288	0.9639
28.6856	0.9601
28.7425	0.9563
28.7993	0.9525
28.8562	0.9488
28.913	0.9451
28.9699	0.9414
29.0268	0.9377
29.0836	0.934
29.1405	0.9304
29.1973	0.9268
29.2542	0.9232
29.311	0.9196
29.3679	0.916
29.4247	0.9125
29.4816	0.909
29.5385	0.9055
29.5953	0.902
29.6522	0.8985
29.709	0.8951
29.7659	0.8917
29.8227	0.8883
29.8796	0.8849
29.9365	0.8816
29.9933	0.8782
30.0502	0.8749
30.107	0.8716
30.1639	0.8683
30.2207	0.865
30.2776	0.8618
30.3344	0.8586
30.3913	0.8554
30.4482	0.8522
30.505	0.849
30.5619	0.8458
30.6187	0.8427
30.6756	0.8396
30.7324	0.8365
30.7893	0.8334
30.8462	0.8303
30.903	0.8273
30.9599	0.8242
31.0167	0.8212
31.0736	0.8182
31.1304	0.8152
31.1873	0.8123
31.2441	0.8093
31.301	0.8064
31.3579	0.8034
31.4147	0.8005
31.4716	0.7977
31.5284	0.7948
31.5853	0.7919
31.6421	0.7891
31.699	0.7862
31.7559	0.7834
31.8127	0.7806
31.8696	0.7779
31.9264	0.7751
31.9833	0.7723
32.0401	0.7696
32.097	0.7669
32.1538	0.7642
32.2107	0.7615
32.2676	0.7588
32.3244	0.7561
32.3813	0.7535
32.4381	0.7508
32.495	0.7482
32.5518	0.7456
32.6087	0.743
32.6656	0.7404
32.7224	0.7378
32.7793	0.7353
32.8361	0.7327
32.893	0.7302
32.9498	0.7277
33.0067	0.7252
33.0635	0.7227
33.1204	0.7202
33.1773	0.7177
33.2341	0.7153
33.291	0.7128
33.3478	0.7104
33.4047	0.708
33.4615	0.7056
33.5184	0.7032
33.5753	0.7008
33.6321	0.6985
33.689	0.6961
33.7458	0.6938
33.8027	0.6914
33.8595	0.6891
33.9164	0.6868
33.9732	0.6845
34.0301	0.6822
34.087	0.6799
34.1438	0.6777
34.2007	0.6754
34.2575	0.6732
34.3144	0.671
34.3712	0.6687
34.4281	0.6665
34.4849	0.6643
34.5418	0.6622
34.5987	0.66
34.6555	0.6578
34.7124	0.6557
34.7692	0.6535
34.8261	0.6514
34.8829	0.6493
34.9398	0.6472
34.9967	0.6451
35.0535	0.643
35.1104	0.6409
35.1672	0.6388
35.2241	0.6368
35.2809	0.6347
35.3378	0.6327
35.3946	0.6306
35.4515	0.6286
35.5084	0.6266
35.5652	0.6246
35.6221	0.6226
35.6789	0.6206
35.7358	0.6186
35.7926	0.6167
35.8495	0.6147
35.9064	0.6128
35.9632	0.6108
36.0201	0.6089
36.0769	0.607
36.1338	0.6051
36.1906	0.6032
36.2475	0.6013
36.3043	0.5994
36.3612	0.5975
36.4181	0.5957
36.4749	0.5938
36.5318	0.592
36.5886	0.5901
36.6455	0.5883
36.7023	0.5865
36.7592	0.5847
36.8161	0.5829
36.8729	0.5811
36.9298	0.5793
36.9866	0.5775
37.0435	0.5757
37.1003	0.574
37.1572	0.5722
37.214	0.5705
37.2709	0.5687
37.3278	0.567
37.3846	0.5653
37.4415	0.5636
37.4983	0.5619
37.5552	0.5602
37.612	0.5585
37.6689	0.5568
37.7258	0.5551
37.7826	0.5534
37.8395	0.5518
37.8963	0.5501
37.9532	0.5485
38.01	0.5468
38.0669	0.5452
38.1237	0.5436
38.1806	0.542
38.2375	0.5403
38.2943	0.5387
38.3512	0.5371
38.408	0.5356
38.4649	0.534
38.5217	0.5324
38.5786	0.5308
38.6355	0.5293
38.6923	0.5277
38.7492	0.5262
38.806	0.5246
38.8629	0.5231
38.9197	0.5216
38.9766	0.52
39.0334	0.5185
39.0903	0.517
39.1472	0.5155
39.204	0.514
39.2609	0.5125
39.3177	0.5111
39.3746	0.5096
39.4314	0.5081
39.4883	0.5067
39.5452	0.5052
39.602	0.5038
39.6589	0.5023
39.7157	0.5009
39.7726	0.4994
39.8294	0.498
39.8863	0.4966
39.9431	0.4952
40	0.4938
	
	
	
	
	
	
	
	
	
	
	
	
	
	
	
	
	
	
	
	
	
	
	
	
	
	
	
	
	
	
	
	
	
	
	
	
	
	
	
	
	
	
	
	
	
	
	
	
	
	
	
	
	
	
	
	
	
	
	
	
	
	
	
	
	
	
	
	
	
	
	
	
	
	
	
	
	
	
	
	
	
	
	
	
	
	
	
	
	
	
	
	
	
	
	
23	2.4336
23.0569	2.4216
23.1137	2.4097
23.1706	2.3979
23.2274	2.3862
23.2843	2.3745
23.3411	2.363
23.398	2.3515
23.4548	2.3401
23.5117	2.3288
23.5686	2.3176
23.6254	2.3064
23.6823	2.2954
23.7391	2.2844
23.796	2.2735
23.8528	2.2627
23.9097	2.2519
23.9666	2.2412
24.0234	2.2307
24.0803	2.2201
24.1371	2.2097
24.194	2.1993
24.2508	2.189
24.3077	2.1788
24.3645	2.1686
24.4214	2.1585
24.4783	2.1485
24.5351	2.1386
24.592	2.1287
24.6488	2.1189
24.7057	2.1091
24.7625	2.0995
24.8194	2.0899
24.8763	2.0803
24.9331	2.0708
24.99	2.0614
25.0468	2.0521
25.1037	2.0428
25.1605	2.0336
25.2174	2.0244
25.2742	2.0153
25.3311	2.0063
25.388	1.9973
25.4448	1.9884
25.5017	1.9795
25.5585	1.9707
25.6154	1.962
25.6722	1.9533
25.7291	1.9447
25.786	1.9361
25.8428	1.9276
25.8997	1.9192
25.9565	1.9108
26.0134	1.9024
26.0702	1.8941
26.1271	1.8859
26.1839	1.8777
26.2408	1.8696
26.2977	1.8615
26.3545	1.8535
26.4114	1.8455
26.4682	1.8376
26.5251	1.8297
26.5819	1.8219
26.6388	1.8141
26.6957	1.8064
26.7525	1.7988
26.8094	1.7911
26.8662	1.7836
26.9231	1.776
26.9799	1.7686
27.0368	1.7611
27.0936	1.7537
27.1505	1.7464
27.2074	1.7391
27.2642	1.7319
27.3211	1.7247
27.3779	1.7175
27.4348	1.7104
27.4916	1.7033
27.5485	1.6963
27.6054	1.6893
27.6622	1.6824
27.7191	1.6755
27.7759	1.6686
27.8328	1.6618
27.8896	1.6551
27.9465	1.6483
28.0033	1.6417
28.0602	1.635
28.1171	1.6284
28.1739	1.6218
28.2308	1.6153
28.2876	1.6088
28.3445	1.6024
28.4013	1.596
28.4582	1.5896
28.5151	1.5833
28.5719	1.577
28.6288	1.5707
28.6856	1.5645
28.7425	1.5583
28.7993	1.5522
28.8562	1.546
28.913	1.54
28.9699	1.5339
29.0268	1.5279
29.0836	1.522
29.1405	1.516
29.1973	1.5101
29.2542	1.5043
29.311	1.4984
29.3679	1.4926
29.4247	1.4869
29.4816	1.4811
29.5385	1.4755
29.5953	1.4698
29.6522	1.4642
29.709	1.4586
29.7659	1.453
29.8227	1.4475
29.8796	1.442
29.9365	1.4365
29.9933	1.431
30.0502	1.4256
30.107	1.4203
30.1639	1.4149
30.2207	1.4096
30.2776	1.4043
30.3344	1.399
30.3913	1.3938
30.4482	1.3886
30.505	1.3834
30.5619	1.3783
30.6187	1.3732
30.6756	1.3681
30.7324	1.363
30.7893	1.358
30.8462	1.353
30.903	1.348
30.9599	1.3431
31.0167	1.3382
31.0736	1.3333
31.1304	1.3284
31.1873	1.3236
31.2441	1.3188
31.301	1.314
31.3579	1.3092
31.4147	1.3045
31.4716	1.2998
31.5284	1.2951
31.5853	1.2904
31.6421	1.2858
31.699	1.2812
31.7559	1.2766
31.8127	1.272
31.8696	1.2675
31.9264	1.263
31.9833	1.2585
32.0401	1.254
32.097	1.2496
32.1538	1.2452
32.2107	1.2408
32.2676	1.2364
32.3244	1.2321
32.3813	1.2278
32.4381	1.2235
32.495	1.2192
32.5518	1.2149
32.6087	1.2107
32.6656	1.2065
32.7224	1.2023
32.7793	1.1981
32.8361	1.194
32.893	1.1899
32.9498	1.1858
33.0067	1.1817
33.0635	1.1776
33.1204	1.1736
33.1773	1.1696
33.2341	1.1656
33.291	1.1616
33.3478	1.1576
33.4047	1.1537
33.4615	1.1498
33.5184	1.1459
33.5753	1.142
33.6321	1.1381
33.689	1.1343
33.7458	1.1305
33.8027	1.1267
33.8595	1.1229
33.9164	1.1191
33.9732	1.1154
34.0301	1.1117
34.087	1.108
34.1438	1.1043
34.2007	1.1006
34.2575	1.097
34.3144	1.0933
34.3712	1.0897
34.4281	1.0861
34.4849	1.0825
34.5418	1.079
34.5987	1.0754
34.6555	1.0719
34.7124	1.0684
34.7692	1.0649
34.8261	1.0614
34.8829	1.058
34.9398	1.0545
34.9967	1.0511
35.0535	1.0477
35.1104	1.0443
35.1672	1.0409
35.2241	1.0376
35.2809	1.0342
35.3378	1.0309
35.3946	1.0276
35.4515	1.0243
35.5084	1.021
35.5652	1.0178
35.6221	1.0145
35.6789	1.0113
35.7358	1.0081
35.7926	1.0049
35.8495	1.0017
35.9064	0.9985
35.9632	0.9954
36.0201	0.9922
36.0769	0.9891
36.1338	0.986
36.1906	0.9829
36.2475	0.9798
36.3043	0.9768
36.3612	0.9737
36.4181	0.9707
36.4749	0.9676
36.5318	0.9646
36.5886	0.9616
36.6455	0.9586
36.7023	0.9557
36.7592	0.9527
36.8161	0.9498
36.8729	0.9469
36.9298	0.9439
36.9866	0.941
37.0435	0.9382
37.1003	0.9353
37.1572	0.9324
37.214	0.9296
37.2709	0.9267
37.3278	0.9239
37.3846	0.9211
37.4415	0.9183
37.4983	0.9155
37.5552	0.9128
37.612	0.91
37.6689	0.9073
37.7258	0.9045
37.7826	0.9018
37.8395	0.8991
37.8963	0.8964
37.9532	0.8937
38.01	0.8911
38.0669	0.8884
38.1237	0.8857
38.1806	0.8831
38.2375	0.8805
38.2943	0.8779
38.3512	0.8753
38.408	0.8727
38.4649	0.8701
38.5217	0.8675
38.5786	0.865
38.6355	0.8624
38.6923	0.8599
38.7492	0.8574
38.806	0.8549
38.8629	0.8524
38.9197	0.8499
38.9766	0.8474
39.0334	0.8449
39.0903	0.8425
39.1472	0.84
39.204	0.8376
39.2609	0.8352
39.3177	0.8328
39.3746	0.8304
39.4314	0.828
39.4883	0.8256
39.5452	0.8232
39.602	0.8209
39.6589	0.8185
39.7157	0.8162
39.7726	0.8138
39.8294	0.8115
39.8863	0.8092
39.9431	0.8069
40	0.8046
	
	
	
	
	
	
	
	
	
	
	
	
	
	
	
	
	
	
	
	
	
	
	
	
	
	
	
	
	
	
	
	
	
	
	
	
	
	
	
	
	
	
	
	
	
	
	
	
	
	
	
	
	
	
	
	
	
	
	
	
	
	
	
	
	
	
	
	
	
	
	
	
	
	
	
	
	
	
	
	
	
	
	
	
	
	
	
	
	
	
	
	
	
	
	
	
	
	
	
	
	
	
	
	
	
	
	
	
	
	
	
	
	
	
	
	
	
	
	
	
	
	
	
	
	
	
	
	
	
	
	
	
	
	
	
	
	
	
	
	
	
	
	
	
	
	
	
	
	
	
	
	
	
	
	
	
	
	
	
	
	
	
	
	
	
	
	
	
	
	
	
	
	
	
	
	
	
	
	
	
	
	
	
	
	
	
	
	
	
	
	
	
	
	
	
	
	
	
	
	
	
	
	
	
	
	
	
	
	
	
	
	
	
	
	
	
	
	
	
	
	
	
	
	
	
	
	
	
	
	
	
	
	
	
	
	
	
	
	
	
	
	
	
	
	
	
	
	
	
	
	
	
	
	
	
	
	
	
	
	
	
	
	
	
	
	
	
	
	
	
	
	
	
	
	
	
	
	
	
	
	
	
	
	
	
	
	
	
	
	
	
	
	
	
	
	
	
	
	
	
	
	
	
	
	

	
	
	
	
	
	
	
	
	
	
	
	
	
	
	
	
	
	
	
	
	
	
	
	
	
	
	
	
	
	
	
	
	
	
	
	
	
	
	
	
	
	
	
	
	
	
	
	
	
	
	
	
	
	
	
	
	
	
	
	
	
	
	
	
	
	
	
	
	
	
	
	
	
	
	
	
	
	
	
	
	
	
	
	
	
	
	
	
	
	
	
	
	
	
	
	
	
	
	
	
	
	
	
	
	
	
	
	
	
	
	
	
	
	
	
	
	
	
	
	
	
	
	
	
	
	
	
	
	
	
	
	
	
	
	
	
	
	
	
	
	
	
	
	
	
	
	
	
	
	
	
	
	
	
	
	
	
	
	
	
	
	
	
	
	
	
	
	
	
	
	
	
	
	
	
	
	
	
	
	
	
	
	
	
	
