35	1.3069
35.097	1.2997
35.194	1.2925
35.291	1.2854
35.388	1.2784
35.4849	1.2714
35.5819	1.2645
35.6789	1.2576
35.7759	1.2508
35.8729	1.244
35.9699	1.2373
36.0669	1.2307
36.1639	1.2241
36.2609	1.2176
36.3579	1.2111
36.4548	1.2046
36.5518	1.1983
36.6488	1.1919
36.7458	1.1856
36.8428	1.1794
36.9398	1.1732
37.0368	1.1671
37.1338	1.161
37.2308	1.155
37.3278	1.149
37.4247	1.143
37.5217	1.1371
37.6187	1.1313
37.7157	1.1254
37.8127	1.1197
37.9097	1.114
38.0067	1.1083
38.1037	1.1026
38.2007	1.0971
38.2977	1.0915
38.3946	1.086
38.4916	1.0805
38.5886	1.0751
38.6856	1.0697
38.7826	1.0644
38.8796	1.0591
38.9766	1.0538
39.0736	1.0486
39.1706	1.0434
39.2676	1.0383
39.3645	1.0331
39.4615	1.0281
39.5585	1.023
39.6555	1.018
39.7525	1.0131
39.8495	1.0081
39.9465	1.0033
40.0435	0.9984
40.1405	0.9936
40.2375	0.9888
40.3344	0.9841
40.4314	0.9793
40.5284	0.9747
40.6254	0.97
40.7224	0.9654
40.8194	0.9608
40.9164	0.9563
41.0134	0.9517
41.1104	0.9473
41.2074	0.9428
41.3043	0.9384
41.4013	0.934
41.4983	0.9296
41.5953	0.9253
41.6923	0.921
41.7893	0.9167
41.8863	0.9125
41.9833	0.9083
42.0803	0.9041
42.1773	0.8999
42.2742	0.8958
42.3712	0.8917
42.4682	0.8876
42.5652	0.8836
42.6622	0.8796
42.7592	0.8756
42.8562	0.8717
42.9532	0.8677
43.0502	0.8638
43.1472	0.8599
43.2441	0.8561
43.3411	0.8523
43.4381	0.8485
43.5351	0.8447
43.6321	0.8409
43.7291	0.8372
43.8261	0.8335
43.9231	0.8298
44.0201	0.8262
44.1171	0.8225
44.214	0.8189
44.311	0.8154
44.408	0.8118
44.505	0.8083
44.602	0.8048
44.699	0.8013
44.796	0.7978
44.893	0.7944
44.99	0.7909
45.087	0.7875
45.1839	0.7842
45.2809	0.7808
45.3779	0.7775
45.4749	0.7742
45.5719	0.7709
45.6689	0.7676
45.7659	0.7643
45.8629	0.7611
45.9599	0.7579
46.0569	0.7547
46.1538	0.7515
46.2508	0.7484
46.3478	0.7453
46.4448	0.7422
46.5418	0.7391
46.6388	0.736
46.7358	0.7329
46.8328	0.7299
46.9298	0.7269
47.0268	0.7239
47.1237	0.7209
47.2207	0.718
47.3177	0.715
47.4147	0.7121
47.5117	0.7092
47.6087	0.7063
47.7057	0.7034
47.8027	0.7006
47.8997	0.6978
47.9967	0.6949
48.0936	0.6921
48.1906	0.6894
48.2876	0.6866
48.3846	0.6838
48.4816	0.6811
48.5786	0.6784
48.6756	0.6757
48.7726	0.673
48.8696	0.6703
48.9666	0.6677
49.0635	0.665
49.1605	0.6624
49.2575	0.6598
49.3545	0.6572
49.4515	0.6547
49.5485	0.6521
49.6455	0.6495
49.7425	0.647
49.8395	0.6445
49.9365	0.642
50.0334	0.6395
50.1304	0.637
50.2274	0.6346
50.3244	0.6321
50.4214	0.6297
50.5184	0.6273
50.6154	0.6249
50.7124	0.6225
50.8094	0.6201
50.9064	0.6178
51.0033	0.6154
51.1003	0.6131
51.1973	0.6108
51.2943	0.6085
51.3913	0.6062
51.4883	0.6039
51.5853	0.6016
51.6823	0.5994
51.7793	0.5971
51.8763	0.5949
51.9732	0.5927
52.0702	0.5905
52.1672	0.5883
52.2642	0.5861
52.3612	0.5839
52.4582	0.5818
52.5552	0.5796
52.6522	0.5775
52.7492	0.5754
52.8462	0.5732
52.9431	0.5712
53.0401	0.5691
53.1371	0.567
53.2341	0.5649
53.3311	0.5629
53.4281	0.5608
53.5251	0.5588
53.6221	0.5568
53.7191	0.5548
53.8161	0.5528
53.913	0.5508
54.01	0.5488
54.107	0.5468
54.204	0.5449
54.301	0.5429
54.398	0.541
54.495	0.5391
54.592	0.5372
54.689	0.5353
54.786	0.5334
54.8829	0.5315
54.9799	0.5296
55.0769	0.5278
55.1739	0.5259
55.2709	0.5241
55.3679	0.5222
55.4649	0.5204
55.5619	0.5186
55.6589	0.5168
55.7559	0.515
55.8528	0.5132
55.9498	0.5114
56.0468	0.5096
56.1438	0.5079
56.2408	0.5061
56.3378	0.5044
56.4348	0.5027
56.5318	0.5009
56.6288	0.4992
56.7258	0.4975
56.8227	0.4958
56.9197	0.4941
57.0167	0.4925
57.1137	0.4908
57.2107	0.4891
57.3077	0.4875
57.4047	0.4858
57.5017	0.4842
57.5987	0.4826
57.6957	0.4809
57.7926	0.4793
57.8896	0.4777
57.9866	0.4761
58.0836	0.4745
58.1806	0.4729
58.2776	0.4714
58.3746	0.4698
58.4716	0.4683
58.5686	0.4667
58.6656	0.4652
58.7625	0.4636
58.8595	0.4621
58.9565	0.4606
59.0535	0.4591
59.1505	0.4576
59.2475	0.4561
59.3445	0.4546
59.4415	0.4531
59.5385	0.4516
59.6355	0.4502
59.7324	0.4487
59.8294	0.4472
59.9264	0.4458
60.0234	0.4444
60.1204	0.4429
60.2174	0.4415
60.3144	0.4401
60.4114	0.4387
60.5084	0.4373
60.6054	0.4359
60.7023	0.4345
60.7993	0.4331
60.8963	0.4317
60.9933	0.4303
61.0903	0.429
61.1873	0.4276
61.2843	0.4263
61.3813	0.4249
61.4783	0.4236
61.5753	0.4222
61.6722	0.4209
61.7692	0.4196
61.8662	0.4183
61.9632	0.417
62.0602	0.4157
62.1572	0.4144
62.2542	0.4131
62.3512	0.4118
62.4482	0.4105
62.5452	0.4092
62.6421	0.408
62.7391	0.4067
62.8361	0.4055
62.9331	0.4042
63.0301	0.403
63.1271	0.4017
63.2241	0.4005
63.3211	0.3993
63.4181	0.3981
63.5151	0.3968
63.612	0.3956
63.709	0.3944
63.806	0.3932
63.903	0.392
64	0.3908
