23	803.0694
23.1371	793.5787
23.2742	784.2553
23.4114	775.0952
23.5485	766.0946
23.6856	757.25
23.8227	748.5576
23.9599	740.014
24.097	731.6159
24.2341	723.3599
24.3712	715.2429
24.5084	707.2618
24.6455	699.4135
24.7826	691.6951
24.9197	684.1038
25.0569	676.6367
25.194	669.2913
25.3311	662.0648
25.4682	654.9547
25.6054	647.9586
25.7425	641.074
25.8796	634.2985
26.0167	627.6298
26.1538	621.0658
26.291	614.6042
26.4281	608.2429
26.5652	601.9799
26.7023	595.8131
26.8395	589.7406
26.9766	583.7605
27.1137	577.8708
27.2508	572.0699
27.388	566.3558
27.5251	560.727
27.6622	555.1816
27.7993	549.7181
27.9365	544.3349
28.0736	539.0303
28.2107	533.8029
28.3478	528.6512
28.4849	523.5737
28.6221	518.569
28.7592	513.6357
28.8963	508.7725
29.0334	503.978
29.1706	499.251
29.3077	494.5902
29.4448	489.9943
29.5819	485.4622
29.7191	480.9927
29.8562	476.5846
29.9933	472.2369
30.1304	467.9484
30.2676	463.718
30.4047	459.5447
30.5418	455.4276
30.6789	451.3655
30.8161	447.3575
30.9532	443.4026
31.0903	439.5
31.2274	435.6487
31.3645	431.8477
31.5017	428.0963
31.6388	424.3936
31.7759	420.7387
31.913	417.1308
32.0502	413.5691
32.1873	410.0529
32.3244	406.5813
32.4615	403.1536
32.5987	399.7691
32.7358	396.427
32.8729	393.1266
33.01	389.8673
33.1472	386.6483
33.2843	383.4691
33.4214	380.3289
33.5585	377.2271
33.6957	374.1631
33.8328	371.1363
33.9699	368.1461
34.107	365.1919
34.2441	362.273
34.3813	359.3891
34.5184	356.5394
34.6555	353.7235
34.7926	350.9408
34.9298	348.1909
35.0669	345.4731
35.204	342.787
35.3411	340.1322
35.4783	337.508
35.6154	334.9141
35.7525	332.35
35.8896	329.8152
36.0268	327.3094
36.1639	324.8319
36.301	322.3825
36.4381	319.9607
36.5753	317.5661
36.7124	315.1982
36.8495	312.8568
36.9866	310.5413
37.1237	308.2515
37.2609	305.9869
37.398	303.7471
37.5351	301.5318
37.6722	299.3407
37.8094	297.1734
37.9465	295.0296
38.0836	292.9088
38.2207	290.8109
38.3579	288.7354
38.495	286.682
38.6321	284.6505
38.7692	282.6405
38.9064	280.6517
39.0435	278.6838
39.1806	276.7366
39.3177	274.8096
39.4548	272.9028
39.592	271.0157
39.7291	269.1481
39.8662	267.2998
40.0033	265.4704
40.1405	263.6598
40.2776	261.8676
40.4147	260.0936
40.5518	258.3376
40.689	256.5993
40.8261	254.8785
40.9632	253.175
41.1003	251.4884
41.2375	249.8187
41.3746	248.1656
41.5117	246.5288
41.6488	244.9081
41.786	243.3034
41.9231	241.7144
42.0602	240.1409
42.1973	238.5827
42.3344	237.0396
42.4716	235.5115
42.6087	233.9981
42.7458	232.4992
42.8829	231.0147
43.0201	229.5443
43.1572	228.088
43.2943	226.6454
43.4314	225.2166
43.5686	223.8011
43.7057	222.399
43.8428	221.01
43.9799	219.634
44.1171	218.2708
44.2542	216.9203
44.3913	215.5822
44.5284	214.2565
44.6656	212.943
44.8027	211.6415
44.9398	210.3519
45.0769	209.0741
45.214	207.8079
45.3512	206.5531
45.4883	205.3097
45.6254	204.0775
45.7625	202.8563
45.8997	201.646
46.0368	200.4466
46.1739	199.2578
46.311	198.0796
46.4482	196.9118
46.5853	195.7543
46.7224	194.6069
46.8595	193.4696
46.9967	192.3423
47.1338	191.2248
47.2709	190.117
47.408	189.0188
47.5452	187.9301
47.6823	186.8507
47.8194	185.7807
47.9565	184.7198
48.0936	183.6679
48.2308	182.6251
48.3679	181.591
48.505	180.5658
48.6421	179.5492
48.7793	178.5411
48.9164	177.5415
49.0535	176.5503
49.1906	175.5674
49.3278	174.5927
49.4649	173.626
49.602	172.6674
49.7391	171.7166
49.8763	170.7737
50.0134	169.8386
50.1505	168.9111
50.2876	167.9912
50.4247	167.0788
50.5619	166.1738
50.699	165.2761
50.8361	164.3857
50.9732	163.5024
51.1104	162.6263
51.2475	161.7572
51.3846	160.895
51.5217	160.0397
51.6589	159.1912
51.796	158.3494
51.9331	157.5143
52.0702	156.6858
52.2074	155.8638
52.3445	155.0483
52.4816	154.2391
52.6187	153.4363
52.7559	152.6397
52.893	151.8493
53.0301	151.065
53.1672	150.2868
53.3043	149.5146
53.4415	148.7483
53.5786	147.9879
53.7157	147.2333
53.8528	146.4844
53.99	145.7413
54.1271	145.0038
54.2642	144.2719
54.4013	143.5455
54.5385	142.8246
54.6756	142.1091
54.8127	141.399
54.9498	140.6941
55.087	139.9946
55.2241	139.3002
55.3612	138.611
55.4983	137.9269
55.6355	137.2478
55.7726	136.5738
55.9097	135.9047
56.0468	135.2405
56.1839	134.5812
56.3211	133.9266
56.4582	133.2769
56.5953	132.6318
56.7324	131.9914
56.8696	131.3557
57.0067	130.7245
57.1438	130.0979
57.2809	129.4758
57.4181	128.8581
57.5552	128.2448
57.6923	127.6359
57.8294	127.0313
57.9666	126.4311
58.1037	125.835
58.2408	125.2432
58.3779	124.6555
58.5151	124.0719
58.6522	123.4925
58.7893	122.9171
58.9264	122.3457
59.0635	121.7782
59.2007	121.2148
59.3378	120.6552
59.4749	120.0995
59.612	119.5476
59.7492	118.9995
59.8863	118.4552
60.0234	117.9145
60.1605	117.3776
60.2977	116.8444
60.4348	116.3148
60.5719	115.7887
60.709	115.2662
60.8462	114.7473
60.9833	114.2319
61.1204	113.7199
61.2575	113.2113
61.3946	112.7062
61.5318	112.2044
61.6689	111.706
61.806	111.2109
61.9431	110.719
62.0803	110.2304
62.2174	109.7451
62.3545	109.263
62.4916	108.784
62.6288	108.3081
62.7659	107.8354
62.903	107.3658
63.0401	106.8992
63.1773	106.4357
63.3144	105.9751
63.4515	105.5176
63.5886	105.063
63.7258	104.6113
63.8629	104.1626
64	103.7167
