0	1.3846
0.0092	1.3846
0.0183	1.3846
0.0275	1.3846
0.0366	1.3846
0.0458	1.3845
0.055	1.3845
0.0641	1.3845
0.0733	1.3845
0.0825	1.3845
0.0916	1.3844
0.1008	1.3844
0.1099	1.3844
0.1191	1.3843
0.1283	1.3843
0.1374	1.3842
0.1466	1.3842
0.1558	1.3841
0.1649	1.3841
0.1741	1.384
0.1832	1.384
0.1924	1.3839
0.2016	1.3838
0.2107	1.3838
0.2199	1.3837
0.2291	1.3836
0.2382	1.3835
0.2474	1.3834
0.2565	1.3834
0.2657	1.3833
0.2749	1.3832
0.284	1.3831
0.2932	1.383
0.3024	1.3829
0.3115	1.3828
0.3207	1.3827
0.3298	1.3826
0.339	1.3824
0.3482	1.3823
0.3573	1.3822
0.3665	1.3821
0.3757	1.382
0.3848	1.3818
0.394	1.3817
0.4031	1.3816
0.4123	1.3814
0.4215	1.3813
0.4306	1.3811
0.4398	1.381
0.449	1.3808
0.4581	1.3807
0.4673	1.3805
0.4764	1.3804
0.4856	1.3802
0.4948	1.38
0.5039	1.3799
0.5131	1.3797
0.5223	1.3795
0.5314	1.3793
0.5406	1.3791
0.5497	1.379
0.5589	1.3788
0.5681	1.3786
0.5772	1.3784
0.5864	1.3782
0.5956	1.378
0.6047	1.3778
0.6139	1.3776
0.623	1.3773
0.6322	1.3771
0.6414	1.3769
0.6505	1.3767
0.6597	1.3765
0.6688	1.3762
0.678	1.376
0.6872	1.3758
0.6963	1.3755
0.7055	1.3753
0.7147	1.3751
0.7238	1.3748
0.733	1.3746
0.7421	1.3743
0.7513	1.374
0.7605	1.3738
0.7696	1.3735
0.7788	1.3733
0.788	1.373
0.7971	1.3727
0.8063	1.3724
0.8154	1.3722
0.8246	1.3719
0.8338	1.3716
0.8429	1.3713
0.8521	1.371
0.8613	1.3707
0.8704	1.3704
0.8796	1.3701
0.8887	1.3698
0.8979	1.3695
0.9071	1.3692
0.9162	1.3689
0.9254	1.3685
0.9346	1.3682
0.9437	1.3679
0.9529	1.3676
0.962	1.3672
0.9712	1.3669
0.9804	1.3665
0.9895	1.3662
0.9987	1.3659
1.0079	1.3655
1.017	1.3652
1.0262	1.3648
1.0353	1.3644
1.0445	1.3641
1.0537	1.3637
1.0628	1.3633
1.072	1.363
1.0812	1.3626
1.0903	1.3622
1.0995	1.3618
1.1086	1.3614
1.1178	1.3611
1.127	1.3607
1.1361	1.3603
1.1453	1.3599
1.1545	1.3595
1.1636	1.3591
1.1728	1.3586
1.1819	1.3582
1.1911	1.3578
1.2003	1.3574
1.2094	1.357
1.2186	1.3565
1.2278	1.3561
1.2369	1.3557
1.2461	1.3552
1.2552	1.3548
1.2644	1.3543
1.2736	1.3539
1.2827	1.3534
1.2919	1.353
1.3011	1.3525
1.3102	1.3521
1.3194	1.3516
1.3285	1.3511
1.3377	1.3507
1.3469	1.3502
1.356	1.3497
1.3652	1.3492
1.3743	1.3487
1.3835	1.3482
1.3927	1.3477
1.4018	1.3472
1.411	1.3467
1.4202	1.3462
1.4293	1.3457
1.4385	1.3452
1.4476	1.3447
1.4568	1.3442
1.466	1.3437
1.4751	1.3431
1.4843	1.3426
1.4935	1.3421
1.5026	1.3415
1.5118	1.341
1.5209	1.3404
1.5301	1.3399
1.5393	1.3393
1.5484	1.3388
1.5576	1.3382
1.5668	1.3376
1.5759	1.3371
1.5851	1.3365
1.5942	1.3359
1.6034	1.3353
1.6126	1.3348
1.6217	1.3342
1.6309	1.3336
1.6401	1.333
1.6492	1.3324
1.6584	1.3318
1.6675	1.3312
1.6767	1.3306
1.6859	1.33
1.695	1.3293
1.7042	1.3287
1.7134	1.3281
1.7225	1.3275
1.7317	1.3268
1.7408	1.3262
1.75	1.3255
1.7592	1.3249
1.7683	1.3243
1.7775	1.3236
1.7867	1.3229
1.7958	1.3223
1.805	1.3216
1.8141	1.3209
1.8233	1.3203
1.8325	1.3196
1.8416	1.3189
1.8508	1.3182
1.86	1.3175
1.8691	1.3168
1.8783	1.3161
1.8874	1.3154
1.8966	1.3147
1.9058	1.314
1.9149	1.3133
1.9241	1.3126
1.9333	1.3119
1.9424	1.3111
1.9516	1.3104
1.9607	1.3097
1.9699	1.3089
1.9791	1.3082
1.9882	1.3074
1.9974	1.3067
2.0065	1.3059
2.0157	1.3052
2.0249	1.3044
2.034	1.3036
2.0432	1.3029
2.0524	1.3021
2.0615	1.3013
2.0707	1.3005
2.0798	1.2997
2.089	1.2989
2.0982	1.2981
2.1073	1.2973
2.1165	1.2965
2.1257	1.2957
2.1348	1.2949
2.144	1.2941
2.1531	1.2932
2.1623	1.2924
2.1715	1.2916
2.1806	1.2907
2.1898	1.2899
2.199	1.289
2.2081	1.2882
2.2173	1.2873
2.2264	1.2865
2.2356	1.2856
2.2448	1.2847
2.2539	1.2838
2.2631	1.2829
2.2723	1.2821
2.2814	1.2812
2.2906	1.2803
2.2997	1.2794
2.3089	1.2785
2.3181	1.2776
2.3272	1.2766
2.3364	1.2757
2.3456	1.2748
2.3547	1.2739
2.3639	1.2729
2.373	1.272
2.3822	1.271
2.3914	1.2701
2.4005	1.2691
2.4097	1.2682
2.4189	1.2672
2.428	1.2662
2.4372	1.2653
2.4463	1.2643
2.4555	1.2633
2.4647	1.2623
2.4738	1.2613
2.483	1.2603
2.4922	1.2593
2.5013	1.2583
2.5105	1.2573
2.5196	1.2562
2.5288	1.2552
2.538	1.2542
2.5471	1.2531
2.5563	1.2521
2.5655	1.251
2.5746	1.25
2.5838	1.2489
2.5929	1.2479
2.6021	1.2468
2.6113	1.2457
2.6204	1.2446
2.6296	1.2435
2.6387	1.2424
2.6479	1.2413
2.6571	1.2402
2.6662	1.2391
2.6754	1.238
2.6846	1.2369
2.6937	1.2357
2.7029	1.2346
2.712	1.2335
2.7212	1.2323
2.7304	1.2312
2.7395	1.23
2.7487	1.2288
2.7579	1.2277
2.767	1.2265
2.7762	1.2253
2.7853	1.2241
2.7945	1.2229
2.8037	1.2217
2.8128	1.2205
2.822	1.2193
2.8312	1.2181
2.8403	1.2168
2.8495	1.2156
2.8586	1.2144
2.8678	1.2131
2.877	1.2119
2.8861	1.2106
2.8953	1.2093
2.9045	1.2081
2.9136	1.2068
2.9228	1.2055
2.9319	1.2042
2.9411	1.2029
2.9503	1.2016
2.9594	1.2003
2.9686	1.1989
2.9778	1.1976
2.9869	1.1963
2.9961	1.1949
3.0052	1.1936
3.0144	1.1922
3.0236	1.1909
3.0327	1.1895
3.0419	1.1881
3.0511	1.1867
3.0602	1.1853
3.0694	1.1839
3.0785	1.1825
3.0877	1.1811
3.0969	1.1797
3.106	1.1782
3.1152	1.1768
3.1244	1.1753
3.1335	1.1739
3.1427	1.1724
3.1518	1.1709
3.161	1.1694
3.1702	1.168
3.1793	1.1665
3.1885	1.165
3.1977	1.1634
3.2068	1.1619
3.216	1.1604
3.2251	1.1588
3.2343	1.1573
3.2435	1.1557
3.2526	1.1542
3.2618	1.1526
3.2709	1.151
3.2801	1.1494
3.2893	1.1478
3.2984	1.1462
3.3076	1.1446
3.3168	1.1429
3.3259	1.1413
3.3351	1.1396
3.3442	1.138
3.3534	1.1363
3.3626	1.1346
3.3717	1.1329
3.3809	1.1312
3.3901	1.1295
3.3992	1.1278
3.4084	1.1261
3.4175	1.1243
3.4267	1.1226
3.4359	1.1208
3.445	1.119
3.4542	1.1172
3.4634	1.1154
3.4725	1.1136
3.4817	1.1118
3.4908	1.11
3.5	1.1081
3.5092	1.1063
3.5183	1.1044
3.5275	1.1025
3.5367	1.1006
3.5458	1.0987
3.555	1.0968
3.5641	1.0949
3.5733	1.093
3.5825	1.091
3.5916	1.089
3.6008	1.0871
3.61	1.0851
3.6191	1.0831
3.6283	1.081
3.6374	1.079
3.6466	1.077
3.6558	1.0749
3.6649	1.0728
3.6741	1.0707
3.6833	1.0686
3.6924	1.0665
3.7016	1.0644
3.7107	1.0622
3.7199	1.0601
3.7291	1.0579
3.7382	1.0557
3.7474	1.0535
3.7566	1.0512
3.7657	1.049
3.7749	1.0467
3.784	1.0444
3.7932	1.0421
3.8024	1.0398
3.8115	1.0375
3.8207	1.0351
3.8299	1.0327
3.839	1.0304
3.8482	1.0279
3.8573	1.0255
3.8665	1.0231
3.8757	1.0206
3.8848	1.0181
3.894	1.0156
3.9032	1.013
3.9123	1.0105
3.9215	1.0079
3.9306	1.0053
3.9398	1.0027
3.949	1
3.9581	0.9973
3.9673	0.9946
3.9764	0.9919
3.9856	0.9892
3.9948	0.9864
4.0039	0.9836
4.0131	0.9808
4.0223	0.9779
4.0314	0.975
4.0406	0.9721
4.0497	0.9691
4.0589	0.9662
4.0681	0.9631
4.0772	0.9601
4.0864	0.957
4.0956	0.9539
4.1047	0.9507
4.1139	0.9476
4.123	0.9443
4.1322	0.9411
4.1414	0.9378
4.1505	0.9344
4.1597	0.931
4.1689	0.9276
4.178	0.9241
4.1872	0.9206
4.1963	0.9171
4.2055	0.9134
4.2147	0.9098
4.2238	0.906
4.233	0.9023
4.2422	0.8984
4.2513	0.8945
4.2605	0.8906
4.2696	0.8865
4.2788	0.8824
4.288	0.8783
4.2971	0.874
4.3063	0.8697
4.3155	0.8653
4.3246	0.8608
4.3338	0.8563
4.3429	0.8516
4.3521	0.8468
4.3613	0.8419
4.3704	0.8369
4.3796	0.8318
4.3888	0.8265
4.3979	0.8211
4.4071	0.8156
4.4162	0.8099
4.4254	0.804
4.4346	0.7979
4.4437	0.7916
4.4529	0.785
4.4621	0.7782
4.4712	0.7711
4.4804	0.7636
4.4895	0.7557
4.4987	0.7474
4.5079	0.7385
4.517	0.729
4.5262	0.7185
4.5354	0.707
4.5445	0.6938
4.5537	0.6782
4.5628	0.6576
4.572    0
