0	0.022739
0.002	0.022738974
0.004	0.022738898
0.006	0.02273877
0.008	0.022738591
0.01	0.02273836
0.012	0.022738079
0.014	0.022737746
0.016	0.022737363
0.018	0.022736928
0.02	0.022736442
0.022	0.022735904
0.024	0.022735316
0.0261	0.022734676
0.0281	0.022733985
0.0301	0.022733243
0.0321	0.022732449
0.0341	0.022731605
0.0361	0.022730709
0.0381	0.022729761
0.0401	0.022728763
0.0421	0.022727713
0.0441	0.022726612
0.0461	0.02272546
0.0481	0.022724256
0.0501	0.022723001
0.0521	0.022721695
0.0541	0.022720337
0.0561	0.022718928
0.0581	0.022717467
0.0601	0.022715955
0.0621	0.022714392
0.0641	0.022712777
0.0661	0.02271111
0.0681	0.022709393
0.0701	0.022707623
0.0721	0.022705802
0.0741	0.02270393
0.0762	0.022702006
0.0782	0.02270003
0.0802	0.022698002
0.0822	0.022695923
0.0842	0.022693793
0.0862	0.02269161
0.0882	0.022689376
0.0902	0.02268709
0.0922	0.022684753
0.0942	0.022682363
0.0962	0.022679922
0.0982	0.022677428
0.1002	0.022674883
0.1022	0.022672286
0.1042	0.022669637
0.1062	0.022666936
0.1082	0.022664183
0.1102	0.022661377
0.1122	0.02265852
0.1142	0.02265561
0.1162	0.022652649
0.1182	0.022649635
0.1202	0.022646569
0.1222	0.02264345
0.1242	0.022640279
0.1263	0.022637056
0.1283	0.022633781
0.1303	0.022630453
0.1323	0.022627072
0.1343	0.022623639
0.1363	0.022620153
0.1383	0.022616615
0.1403	0.022613024
0.1423	0.022609381
0.1443	0.022605684
0.1463	0.022601935
0.1483	0.022598133
0.1503	0.022594278
0.1523	0.02259037
0.1543	0.022586409
0.1563	0.022582395
0.1583	0.022578328
0.1603	0.022574208
0.1623	0.022570035
0.1643	0.022565808
0.1663	0.022561528
0.1683	0.022557195
0.1703	0.022552808
0.1723	0.022548368
0.1743	0.022543874
0.1764	0.022539327
0.1784	0.022534726
0.1804	0.022530071
0.1824	0.022525362
0.1844	0.0225206
0.1864	0.022515784
0.1884	0.022510914
0.1904	0.02250599
0.1924	0.022501011
0.1944	0.022495979
0.1964	0.022490892
0.1984	0.022485752
0.2004	0.022480556
0.2024	0.022475307
0.2044	0.022470003
0.2064	0.022464644
0.2084	0.022459231
0.2104	0.022453763
0.2124	0.02244824
0.2144	0.022442663
0.2164	0.02243703
0.2184	0.022431343
0.2204	0.0224256
0.2224	0.022419803
0.2244	0.02241395
0.2265	0.022408042
0.2285	0.022402078
0.2305	0.022396059
0.2325	0.022389985
0.2345	0.022383855
0.2365	0.022377669
0.2385	0.022371428
0.2405	0.02236513
0.2425	0.022358777
0.2445	0.022352367
0.2465	0.022345902
0.2485	0.02233938
0.2505	0.022332802
0.2525	0.022326168
0.2545	0.022319477
0.2565	0.022312729
0.2585	0.022305925
0.2605	0.022299064
0.2625	0.022292147
0.2645	0.022285172
0.2665	0.02227814
0.2685	0.022271052
0.2705	0.022263905
0.2725	0.022256702
0.2745	0.022249441
0.2766	0.022242123
0.2786	0.022234747
0.2806	0.022227313
0.2826	0.022219821
0.2846	0.022212271
0.2866	0.022204664
0.2886	0.022196998
0.2906	0.022189273
0.2926	0.022181491
0.2946	0.02217365
0.2966	0.02216575
0.2986	0.022157791
0.3006	0.022149774
0.3026	0.022141698
0.3046	0.022133562
0.3066	0.022125368
0.3086	0.022117114
0.3106	0.0221088
0.3126	0.022100427
0.3146	0.022091994
0.3166	0.022083502
0.3186	0.022074949
0.3206	0.022066337
0.3226	0.022057664
0.3246	0.022048931
0.3267	0.022040138
0.3287	0.022031283
0.3307	0.022022368
0.3327	0.022013393
0.3347	0.022004356
0.3367	0.021995258
0.3387	0.021986099
0.3407	0.021976878
0.3427	0.021967596
0.3447	0.021958252
0.3467	0.021948846
0.3487	0.021939379
0.3507	0.021929849
0.3527	0.021920256
0.3547	0.021910602
0.3567	0.021900885
0.3587	0.021891105
0.3607	0.021881262
0.3627	0.021871356
0.3647	0.021861386
0.3667	0.021851354
0.3687	0.021841258
0.3707	0.021831098
0.3727	0.021820874
0.3747	0.021810587
0.3768	0.021800235
0.3788	0.021789818
0.3808	0.021779338
0.3828	0.021768792
0.3848	0.021758182
0.3868	0.021747506
0.3888	0.021736765
0.3908	0.021725959
0.3928	0.021715087
0.3948	0.02170415
0.3968	0.021693146
0.3988	0.021682077
0.4008	0.02167094
0.4028	0.021659738
0.4048	0.021648469
0.4068	0.021637132
0.4088	0.021625729
0.4108	0.021614258
0.4128	0.02160272
0.4148	0.021591114
0.4168	0.021579441
0.4188	0.021567699
0.4208	0.021555888
0.4228	0.02154401
0.4248	0.021532062
0.4269	0.021520046
0.4289	0.02150796
0.4309	0.021495805
0.4329	0.02148358
0.4349	0.021471286
0.4369	0.021458921
0.4389	0.021446486
0.4409	0.021433981
0.4429	0.021421404
0.4449	0.021408757
0.4469	0.021396039
0.4489	0.021383249
0.4509	0.021370387
0.4529	0.021357454
0.4549	0.021344448
0.4569	0.02133137
0.4589	0.021318219
0.4609	0.021304995
0.4629	0.021291698
0.4649	0.021278327
0.4669	0.021264883
0.4689	0.021251365
0.4709	0.021237772
0.4729	0.021224105
0.4749	0.021210364
0.477	0.021196547
0.479	0.021182654
0.481	0.021168686
0.483	0.021154643
0.485	0.021140523
0.487	0.021126326
0.489	0.021112053
0.491	0.021097702
0.493	0.021083275
0.495	0.021068769
0.497	0.021054186
0.499	0.021039524
0.501	0.021024784
0.503	0.021009964
0.505	0.020995066
0.507	0.020980088
0.509	0.02096503
0.511	0.020949891
0.513	0.020934672
0.515	0.020919373
0.517	0.020903992
0.519	0.020888529
0.521	0.020872985
0.523	0.020857358
0.5251	0.020841649
0.5271	0.020825856
0.5291	0.02080998
0.5311	0.020794021
0.5331	0.020777977
0.5351	0.020761849
0.5371	0.020745636
0.5391	0.020729338
0.5411	0.020712954
0.5431	0.020696485
0.5451	0.020679928
0.5471	0.020663285
0.5491	0.020646555
0.5511	0.020629737
0.5531	0.020612831
0.5551	0.020595836
0.5571	0.020578753
0.5591	0.02056158
0.5611	0.020544318
0.5631	0.020526965
0.5651	0.020509522
0.5671	0.020491987
0.5691	0.020474361
0.5711	0.020456643
0.5731	0.020438832
0.5752	0.020420928
0.5772	0.020402931
0.5792	0.02038484
0.5812	0.020366655
0.5832	0.020348374
0.5852	0.020329998
0.5872	0.020311527
0.5892	0.020292958
0.5912	0.020274293
0.5932	0.02025553
0.5952	0.020236669
0.5972	0.02021771
0.5992	0.020198651
0.6012	0.020179493
0.6032	0.020160234
0.6052	0.020140875
0.6072	0.020121414
0.6092	0.020101851
0.6112	0.020082186
0.6132	0.020062417
0.6152	0.020042545
0.6172	0.020022568
0.6192	0.020002486
0.6212	0.019982298
0.6232	0.019962004
0.6253	0.019941603
0.6273	0.019921095
0.6293	0.019900478
0.6313	0.019879752
0.6333	0.019858916
0.6353	0.01983797
0.6373	0.019816913
0.6393	0.019795745
0.6413	0.019774463
0.6433	0.019753069
0.6453	0.01973156
0.6473	0.019709937
0.6493	0.019688198
0.6513	0.019666343
0.6533	0.01964437
0.6553	0.01962228
0.6573	0.019600071
0.6593	0.019577743
0.6613	0.019555294
0.6633	0.019532724
0.6653	0.019510032
0.6673	0.019487217
0.6693	0.019464278
0.6713	0.019441214
0.6733	0.019418024
0.6754	0.019394708
0.6774	0.019371265
0.6794	0.019347693
0.6814	0.019323991
0.6834	0.019300159
0.6854	0.019276195
0.6874	0.019252099
0.6894	0.01922787
0.6914	0.019203506
0.6934	0.019179006
0.6954	0.019154369
0.6974	0.019129595
0.6994	0.019104681
0.7014	0.019079628
0.7034	0.019054433
0.7054	0.019029095
0.7074	0.019003614
0.7094	0.018977988
0.7114	0.018952216
0.7134	0.018926296
0.7154	0.018900228
0.7174	0.01887401
0.7194	0.01884764
0.7214	0.018821118
0.7234	0.018794442
0.7255	0.01876761
0.7275	0.018740621
0.7295	0.018713474
0.7315	0.018686167
0.7335	0.018658698
0.7355	0.018631067
0.7375	0.018603271
0.7395	0.018575309
0.7415	0.018547179
0.7435	0.01851888
0.7455	0.01849041
0.7475	0.018461767
0.7495	0.01843295
0.7515	0.018403956
0.7535	0.018374784
0.7555	0.018345432
0.7575	0.018315898
0.7595	0.01828618
0.7615	0.018256276
0.7635	0.018226184
0.7655	0.018195902
0.7675	0.018165429
0.7695	0.01813476
0.7715	0.018103896
0.7735	0.018072833
0.7756	0.018041568
0.7776	0.018010101
0.7796	0.017978427
0.7816	0.017946545
0.7836	0.017914453
0.7856	0.017882147
0.7876	0.017849625
0.7896	0.017816885
0.7916	0.017783923
0.7936	0.017750737
0.7956	0.017717323
0.7976	0.01768368
0.7996	0.017649804
0.8016	0.017615691
0.8036	0.017581339
0.8056	0.017546744
0.8076	0.017511903
0.8096	0.017476812
0.8116	0.017441469
0.8136	0.017405869
0.8156	0.017370008
0.8176	0.017333884
0.8196	0.017297491
0.8216	0.017260826
0.8236	0.017223885
0.8257	0.017186663
0.8277	0.017149156
0.8297	0.01711136
0.8317	0.01707327
0.8337	0.017034881
0.8357	0.016996188
0.8377	0.016957186
0.8397	0.016917871
0.8417	0.016878236
0.8437	0.016838275
0.8457	0.016797985
0.8477	0.016757357
0.8497	0.016716387
0.8517	0.016675068
0.8537	0.016633393
0.8557	0.016591356
0.8577	0.016548949
0.8597	0.016506166
0.8617	0.016462999
0.8637	0.01641944
0.8657	0.016375482
0.8677	0.016331115
0.8697	0.016286332
0.8717	0.016241123
0.8737	0.016195479
0.8758	0.01614939
0.8778	0.016102846
0.8798	0.016055838
0.8818	0.016008353
0.8838	0.01596038
0.8858	0.015911908
0.8878	0.015862924
0.8898	0.015813416
0.8918	0.015763369
0.8938	0.01571277
0.8958	0.015661603
0.8978	0.015609854
0.8998	0.015557506
0.9018	0.015504541
0.9038	0.015450943
0.9058	0.015396692
0.9078	0.015341767
0.9098	0.015286149
0.9118	0.015229816
0.9138	0.015172742
0.9158	0.015114905
0.9178	0.015056277
0.9198	0.014996832
0.9218	0.014936538
0.9238	0.014875366
0.9259	0.014813281
0.9279	0.014750248
0.9299	0.014686228
0.9319	0.01462118
0.9339	0.014555061
0.9359	0.014487823
0.9379	0.014419414
0.9399	0.014349781
0.9419	0.014278862
0.9439	0.014206593
0.9459	0.014132904
0.9479	0.014057716
0.9499	0.013980945
0.9519	0.013902498
0.9539	0.013822271
0.9559	0.01374015
0.9579	0.013656007
0.9599	0.0135697
0.9619	0.013481066
0.9639	0.013389925
0.9659	0.013296068
0.9679	0.013199255
0.9699	0.013099211
0.9719	0.012995612
0.9739	0.012888074
0.976	0.012776141
0.978	0.012659258
0.98	0.012536741
0.982	0.012407731
0.984	0.012271121
0.986	0.012125448
0.988	0.011968701
0.99	0.011797989
0.992	0.011608875
0.994	0.011393893
0.996	0.011138498
0.998	0.010805151
1	0.009999
