12	0.198528071
11.95	0.19836604
11.9	0.198205854
11.85	0.198044672
11.8	0.197879579
11.75	0.197716356
11.7	0.197549166
11.65	0.197383864
11.6	0.197214537
11.55	0.197047116
11.5	0.196875611
11.45	0.19670603
11.4	0.196532305
11.35	0.196360521
11.3	0.196184532
11.25	0.196010503
11.2	0.195832206
11.15	0.195655887
11.1	0.195475236
11.05	0.195296582
11	0.195113531
10.95	0.19492925
10.9	0.194746994
10.85	0.19456024
10.8	0.194372219
10.75	0.19418625
10.7	0.19399568
10.65	0.193803804
10.6	0.193610608
10.55	0.193419504
10.5	0.193223652
10.45	0.19302644
10.4	0.192827853
10.35	0.192631397
10.3	0.192430042
10.25	0.192227268
10.2	0.192023061
10.15	0.191817405
10.1	0.191613931
10.05	0.191405357
10	0.191195288
9.95	0.190983707
9.9	0.190770597
9.85	0.190555944
9.8	0.190339728
9.75	0.190121934
9.7	0.189902544
9.65	0.189681541
9.6	0.189458906
9.55	0.189234621
9.5	0.189008669
9.45	0.188781029
9.4	0.188551684
9.35	0.188320615
9.3	0.188087801
9.25	0.187853223
9.2	0.18761686
9.15	0.187378693
9.1	0.1871387
9.05	0.18689686
9	0.186653153
8.95	0.18640323
8.9	0.186155687
8.85	0.18590621
8.8	0.185654775
8.75	0.18540136
8.7	0.185145941
8.65	0.184883959
8.6	0.184624423
8.55	0.184362811
8.5	0.184099096
8.45	0.183828571
8.4	0.183560537
8.35	0.183290323
8.3	0.183017902
8.25	0.182738409
8.2	0.182461452
8.15	0.182182205
8.1	0.181895679
8.05	0.181611724
8	0.181325391
7.95	0.181031564
7.9	0.180740342
7.85	0.180441476
7.8	0.180145239
7.75	0.179846468
7.7	0.179539821
7.65	0.179235837
7.6	0.178923816
7.55	0.178614483
7.5	0.178296946
7.45	0.17798212
7.4	0.17765892
7.35	0.177338453
7.3	0.177009437
7.25	0.176683178
7.2	0.176348187
7.15	0.176015975
7.1	0.175674845
7.05	0.175336518
7	0.174989079
6.95	0.174638391
6.9	0.17429054
6.85	0.173933275
6.8	0.173578869
6.75	0.173214839
6.7	0.172847325
6.65	0.172482703
6.6	0.17210813
6.55	0.171729919
6.5	0.171354633
6.45	0.170969052
6.4	0.17057967
6.35	0.170193246
6.3	0.169796164
6.25	0.16939511
6.2	0.168990025
6.15	0.168587938
6.1	0.168174679
6.05	0.167757203
6	0.167335445
5.95	0.166916723
5.9	0.166486278
5.85	0.16605135
5.8	0.165611867
5.75	0.16516776
5.7	0.164726731
5.65	0.164273233
5.6	0.163814886
5.55	0.163351611
5.5	0.162883328
5.45	0.162409957
5.4	0.161931413
5.35	0.161447611
5.3	0.160966944
5.25	0.160472458
5.2	0.159972449
5.15	0.159466823
5.1	0.158955485
5.05	0.158438339
5	0.157915284
4.95	0.157386219
4.9	0.156851039
4.85	0.156309638
4.8	0.155761907
4.75	0.155207734
4.7	0.154647005
4.65	0.154079602
4.6	0.153505406
4.55	0.152924294
4.5	0.152336141
4.45	0.151740818
4.4	0.151138192
4.35	0.150528128
4.3	0.149910489
4.25	0.149285132
4.2	0.148640924
4.15	0.14799955
4.1	0.147350009
4.05	0.146692141
4	0.146025787
3.95	0.145350781
3.9	0.144666954
3.85	0.14397413
3.8	0.143259947
3.75	0.142548429
3.7	0.141827361
3.65	0.14109655
3.6	0.140355797
3.55	0.139604898
3.5	0.138830426
3.45	0.138058415
3.4	0.137275606
3.35	0.136481773
3.3	0.135662698
3.25	0.134845902
3.2	0.134017353
3.15	0.133176794
3.1	0.132309149
3.05	0.131443556
3	0.130565135
2.95	0.129673601
2.9	0.128752935
2.85	0.127834036
2.8	0.126901103
2.75	0.125937351
2.7	0.124975111
2.65	0.123997827
2.6	0.122987893
2.55	0.12197917
2.5	0.120954297
2.45	0.119894779
2.4	0.118836122
2.35	0.117760096
2.3	0.116647251
2.25	0.11553486
2.2	0.114403753
2.15	0.113233452
2.1	0.112063128
2.05	0.110851895
2	0.109640276
1.95	0.108407372
1.9	0.107130788
1.85	0.105853204
1.8	0.104529933
1.75	0.103205194
1.7	0.101832627
1.65	0.100458074
1.6	0.099057778
1.55	0.097606174
1.5	0.0961517
1.45	0.094643383
1.4	0.093131523
1.35	0.091563104
1.3	0.089990395
1.25	0.088358209
1.2	0.086720901
1.15	0.085020978
1.1	0.083315008
1.05	0.081543041
1	0.079763998
0.95	0.07791531
0.9	0.076058396
0.85	0.074127893
0.8	0.072187881
0.75	0.07017001
0.7	0.068105813
0.65	0.066029886
0.6	0.063868979
0.55	0.061694638
0.5	0.059430061
0.45	0.05715014
0.4	0.054774249
0.35	0.052339087
0.3	0.049885248
0.25	0.047325792
0.2	0.044745089
0.15	0.042051575
0.1	0.039286428
0.05	0.036495519
0	0.033579602
-0.05	0.030634416
-0.1	0.027555051
-0.15	0.024388002
-0.2	0.021185482
-0.25	0.017833096
-0.3	0.014381018
-0.35	0.010885903
-0.4	0.007222508
-0.45	0.003445116
-0.5	-0.000384606
-0.55	-0.004404387
-0.6	-0.008555343
-0.65	-0.012770129
-0.7	-0.017200949
-0.75	-0.021783756
-0.8	-0.026444743
-0.85	-0.031353031
-0.9	-0.036438762
-0.95	-0.041620749
-1	-0.047088059
-1.05	-0.052764288
-1.1	-0.058661644
-1.15	-0.064687351
-1.2	-0.071063228
-1.25	-0.077702811
-1.3	-0.084503084
-1.35	-0.091716418
-1.4	-0.09924771
-1.45	-0.107118457
-1.5	-0.115209422
-1.55	-0.123824918
-1.6	-0.132856724
-1.65	-0.142335762
-1.7	-0.152123063
-1.75	-0.162593169
-1.8	-0.173623072
-1.85	-0.185258902
-1.9	-0.197337857
-1.95	-0.2103329
-2	-0.224105538
-2.05	-0.238727716
-2.1	-0.25428054
-2.15	-0.270565769
-2.2	-0.288247623
-2.25	-0.307172897
-2.3	-0.32747753
-2.35	-0.348934094
-2.4	-0.372460799
-2.45	-0.397911379
-2.5	-0.425531879
-2.55	-0.455612166
-2.6	-0.487913276
-2.65	-0.523953742
-2.7	-0.563695492
-2.75	-0.60773956
-2.8	-0.656824559
-2.85	-0.710879877
-2.9	-0.77290604
-2.95	-0.843492539
-3	-0.924542865
-3.05	-1.018570041
-3.1	-1.12896183
-3.15	-1.257961485
-3.2	-1.416552799
-3.25	-1.612422551
-3.3	-1.860465283
-3.35	-2.18472948
-3.4	-2.626726525
-3.45	-3.25163341
-3.5	-4.244885195
-3.55	-6.024739064
-3.6	-10.13817912
-3.65	-29.90922969

	
	
	
	
	
	
	
	
	
	
	
	
	
	
	
	
	
	
	
	
	
	
	
	
	
	
	
	
	
	
	
	
	
	
	
	
	
	
	
	
	
	
	
	
	
	
	
	
	
	
	
	
	
	
	
	
	
	
	
	
	
	
	
	
	
	
	
	
	
	
	
	
	
	
	
	
	
	
	
	
	
	
	
	
	
	
	
	
	
	
	
	
	
	
	
	
	
	
	
	
	
	
	
	
	
	
	
	
	
	
	
	
	
	
	
	
	
	
	
	
	
	
	
	
	
	
	
	
	
	
	
	
	
	
	
	
	
	
	
	
	
	
	
	
	
	
	
	
	
	
	
	
	
	
	
	
	
	
	
	
	
	
	
	
	
	
	
	
	
	
	
	
	
	
	
	
	
	
	
	
	
	
	
	
	
	
	
	
	
	
	
	
	
	
	
	
	
	
	
	
	
	
	
	
	
	
	
	
	
	
	
	
	
	
	
	
	
	
	
	
	
	
	
	
	
	
	
	
	
	
	
	
	
	
	
	
	
	
	
	
	
	
	
	
	
	
	
	
	
	
	
	
	
	
	
	
	
	
	
	
	
	
	
	
	
	
	
	
	
	
	
	
	
	
	
	
	
	
	
	
	
	
	
	
	
	
	
	
	
	
	
	
	
	
	
	
	
	
	
	
	
	
	
	
	
	
	
	
	
	
	
	
	
	
	
	
	
	
	
	
	
	
	
	
	
	
	
	
	
	
	
	
	
	
	
	
	
	
	
	
	
	
	
	
	
	
	
	
	
	
	
	
	
	
	
	
	
	
	
	
	
	
	
	
	
	
	
	
	
	
	
	
	
	
	
	
	
	
	
	
	
	
	
	
	
	
	
	
	
	
	
	
	
	
	
	
	
	
	
	
	
	
	
	
	
	
	
	
	
	
	
	
	
	
	
	
	
	
	
	
	
	
	
	
	
	
	
	
	
	
	
	
	
	
	
	
	
	
	
	
	
	
	
	
	
	
	
	
	
	
	
	
	
	
	
	
	
	
	
	
	
	
	
	
	
	
	
	
	
	
	
	
	
	
	
	
	
	
	
	
	
	

	
	
	
	
	
	
	
	
	
	
	
	
	
	
	
	
	
	
	
	
	
	
	
	
	
	
	
	
	
	
	
	
	
	
	
	
	
	
	
	
	
	
	
	
	
	
	
	
	
	
	
	
	
	
	
	
	
	
	
	
	
	
	
	
	
	
	
	
	
	
	
	
	
	
	
	
	
	
	
	
	
	
	
	
	
	
	
	
	
	
	
	
	
	
	
	
	
	
	
	
	
	
	
	
	
	
	
	
	
	
	
	
	
	
	
	
	
	
	
	
	
	
	
	
	
	
	
	
	
	
	
	
	
	
	
	
	
	
	
	
	
	
	
	
	
	
	
	
	
	
	
	
	
	
	
	
	
	
	
	
	
	
	
	
	
	
	
	
	
	
	
	
	
	
	
	
	
	
	
	
	
	
	
	
	
	
	
	
	
	
	
	
	
	
	
	
	
	
	
	
	
	
	
	
	
	
	
	
	
	
	
	
	
	
	
	
	
	
	
	
	
	
	
	
	
	
	
	
	
	
	
	
	
	
	
	
	
	
	
	
	
	
	
	
	
	
	
	
	
	
	
	
	
	
	
	
	
	
	
	
	
	
	
	
	
	
	
	
	
	
	
	
	
	
	
	
	
	
	
	
	
	
	
	
	
	
	
	
	
	
	
	
	
	
	
	
	
	
	
	
	
	
	
	
	
	
	
	
	
	
	
	
	
	
	
	
	
	
	
	
	
	
	
	
	
	
	
	
	
	
	
	
	
	
	
	
	
	
	
	
	
	
	
	
	
	
	
	
	
	
	
	
	
	
	
	
	
	
	
	
	
	
	
	
	
	
	
	
	
	
	
	
	
	
	
	
	
	
	
	
	
	
	
	
	
	
	
	
	
	
	
	
	
	
	
	
	
	
	
	
	
	
	
	
	
	
	
	
	
	
	
	
	
	
	
	
	
	
	
	
	
	
	
	
	
	
	
	
	
	
	
	
	
	
	
	
	
	
	
	
	
	
	
	
	
	
	
	
	
	
	
	
	
	
	
	
	
	
	
	
	
	
	
	
	
	
	
	
	
	
	
	
	
	
	
	
	
	
	
	
	
	
	
