   0.0000000e+00   8.0903060e+00
   1.0010010e-03   8.0903020e+00
   2.0020020e-03   8.0902898e+00
   3.0030030e-03   8.0902695e+00
   4.0040040e-03   8.0902412e+00
   5.0050050e-03   8.0902047e+00
   6.0060060e-03   8.0901601e+00
   7.0070070e-03   8.0901074e+00
   8.0080080e-03   8.0900466e+00
   9.0090090e-03   8.0899777e+00
   1.0010010e-02   8.0899007e+00
   1.1011011e-02   8.0898156e+00
   1.2012012e-02   8.0897223e+00
   1.3013013e-02   8.0896210e+00
   1.4014014e-02   8.0895115e+00
   1.5015015e-02   8.0893940e+00
   1.6016016e-02   8.0892683e+00
   1.7017017e-02   8.0891345e+00
   1.8018018e-02   8.0889927e+00
   1.9019019e-02   8.0888427e+00
   2.0020020e-02   8.0886846e+00
   2.1021021e-02   8.0885183e+00
   2.2022022e-02   8.0883440e+00
   2.3023023e-02   8.0881616e+00
   2.4024024e-02   8.0879710e+00
   2.5025025e-02   8.0877723e+00
   2.6026026e-02   8.0875656e+00
   2.7027027e-02   8.0873507e+00
   2.8028028e-02   8.0871276e+00
   2.9029029e-02   8.0868965e+00
   3.0030030e-02   8.0866573e+00
   3.1031031e-02   8.0864099e+00
   3.2032032e-02   8.0861544e+00
   3.3033033e-02   8.0858908e+00
   3.4034034e-02   8.0856191e+00
   3.5035035e-02   8.0853393e+00
   3.6036036e-02   8.0850513e+00
   3.7037037e-02   8.0847552e+00
   3.8038038e-02   8.0844510e+00
   3.9039039e-02   8.0841387e+00
   4.0040040e-02   8.0838182e+00
   4.1041041e-02   8.0834896e+00
   4.2042042e-02   8.0831529e+00
   4.3043043e-02   8.0828081e+00
   4.4044044e-02   8.0824551e+00
   4.5045045e-02   8.0820940e+00
   4.6046046e-02   8.0817248e+00
   4.7047047e-02   8.0813474e+00
   4.8048048e-02   8.0809619e+00
   4.9049049e-02   8.0805683e+00
   5.0050050e-02   8.0801665e+00
   5.1051051e-02   8.0797566e+00
   5.2052052e-02   8.0793386e+00
   5.3053053e-02   8.0789124e+00
   5.4054054e-02   8.0784781e+00
   5.5055055e-02   8.0780356e+00
   5.6056056e-02   8.0775850e+00
   5.7057057e-02   8.0771263e+00
   5.8058058e-02   8.0766594e+00
   5.9059059e-02   8.0761843e+00
   6.0060060e-02   8.0757011e+00
   6.1061061e-02   8.0752098e+00
   6.2062062e-02   8.0747103e+00
   6.3063063e-02   8.0742026e+00
   6.4064064e-02   8.0736868e+00
   6.5065065e-02   8.0731629e+00
   6.6066066e-02   8.0726307e+00
   6.7067067e-02   8.0720905e+00
   6.8068068e-02   8.0715420e+00
   6.9069069e-02   8.0709854e+00
   7.0070070e-02   8.0704206e+00
   7.1071071e-02   8.0698477e+00
   7.2072072e-02   8.0692666e+00
   7.3073073e-02   8.0686773e+00
   7.4074074e-02   8.0680799e+00
   7.5075075e-02   8.0674742e+00
   7.6076076e-02   8.0668604e+00
   7.7077077e-02   8.0662385e+00
   7.8078078e-02   8.0656083e+00
   7.9079079e-02   8.0649700e+00
   8.0080080e-02   8.0643235e+00
   8.1081081e-02   8.0636688e+00
   8.2082082e-02   8.0630059e+00
   8.3083083e-02   8.0623348e+00
   8.4084084e-02   8.0616555e+00
   8.5085085e-02   8.0609681e+00
   8.6086086e-02   8.0602724e+00
   8.7087087e-02   8.0595685e+00
   8.8088088e-02   8.0588565e+00
   8.9089089e-02   8.0581362e+00
   9.0090090e-02   8.0574078e+00
   9.1091091e-02   8.0566711e+00
   9.2092092e-02   8.0559262e+00
   9.3093093e-02   8.0551731e+00
   9.4094094e-02   8.0544118e+00
   9.5095095e-02   8.0536423e+00
   9.6096096e-02   8.0528646e+00
   9.7097097e-02   8.0520786e+00
   9.8098098e-02   8.0512845e+00
   9.9099099e-02   8.0504821e+00
   1.0010010e-01   8.0496714e+00
   1.0110110e-01   8.0488526e+00
   1.0210210e-01   8.0480255e+00
   1.0310310e-01   8.0471901e+00
   1.0410410e-01   8.0463466e+00
   1.0510511e-01   8.0454948e+00
   1.0610611e-01   8.0446347e+00
   1.0710711e-01   8.0437664e+00
   1.0810811e-01   8.0428899e+00
   1.0910911e-01   8.0420051e+00
   1.1011011e-01   8.0411121e+00
   1.1111111e-01   8.0402108e+00
   1.1211211e-01   8.0393012e+00
   1.1311311e-01   8.0383834e+00
   1.1411411e-01   8.0374573e+00
   1.1511512e-01   8.0365229e+00
   1.1611612e-01   8.0355803e+00
   1.1711712e-01   8.0346294e+00
   1.1811812e-01   8.0336703e+00
   1.1911912e-01   8.0327028e+00
   1.2012012e-01   8.0317271e+00
   1.2112112e-01   8.0307431e+00
   1.2212212e-01   8.0297507e+00
   1.2312312e-01   8.0287501e+00
   1.2412412e-01   8.0277413e+00
   1.2512513e-01   8.0267241e+00
   1.2612613e-01   8.0256986e+00
   1.2712713e-01   8.0246648e+00
   1.2812813e-01   8.0236227e+00
   1.2912913e-01   8.0225723e+00
   1.3013013e-01   8.0215135e+00
   1.3113113e-01   8.0204465e+00
   1.3213213e-01   8.0193711e+00
   1.3313313e-01   8.0182874e+00
   1.3413413e-01   8.0171954e+00
   1.3513514e-01   8.0160951e+00
   1.3613614e-01   8.0149864e+00
   1.3713714e-01   8.0138694e+00
   1.3813814e-01   8.0127440e+00
   1.3913914e-01   8.0116103e+00
   1.4014014e-01   8.0104683e+00
   1.4114114e-01   8.0093179e+00
   1.4214214e-01   8.0081591e+00
   1.4314314e-01   8.0069920e+00
   1.4414414e-01   8.0058165e+00
   1.4514515e-01   8.0046327e+00
   1.4614615e-01   8.0034405e+00
   1.4714715e-01   8.0022399e+00
   1.4814815e-01   8.0010309e+00
   1.4914915e-01   7.9998136e+00
   1.5015015e-01   7.9985879e+00
   1.5115115e-01   7.9973538e+00
   1.5215215e-01   7.9961113e+00
   1.5315315e-01   7.9948604e+00
   1.5415415e-01   7.9936011e+00
   1.5515516e-01   7.9923333e+00
   1.5615616e-01   7.9910572e+00
   1.5715716e-01   7.9897727e+00
   1.5815816e-01   7.9884798e+00
   1.5915916e-01   7.9871784e+00
   1.6016016e-01   7.9858686e+00
   1.6116116e-01   7.9845504e+00
   1.6216216e-01   7.9832237e+00
   1.6316316e-01   7.9818886e+00
   1.6416416e-01   7.9805451e+00
   1.6516517e-01   7.9791931e+00
   1.6616617e-01   7.9778327e+00
   1.6716717e-01   7.9764638e+00
   1.6816817e-01   7.9750865e+00
   1.6916917e-01   7.9737007e+00
   1.7017017e-01   7.9723064e+00
   1.7117117e-01   7.9709037e+00
   1.7217217e-01   7.9694925e+00
   1.7317317e-01   7.9680728e+00
   1.7417417e-01   7.9666446e+00
   1.7517518e-01   7.9652079e+00
   1.7617618e-01   7.9637627e+00
   1.7717718e-01   7.9623091e+00
   1.7817818e-01   7.9608469e+00
   1.7917918e-01   7.9593762e+00
   1.8018018e-01   7.9578970e+00
   1.8118118e-01   7.9564093e+00
   1.8218218e-01   7.9549131e+00
   1.8318318e-01   7.9534083e+00
   1.8418418e-01   7.9518950e+00
   1.8518519e-01   7.9503732e+00
   1.8618619e-01   7.9488428e+00
   1.8718719e-01   7.9473039e+00
   1.8818819e-01   7.9457564e+00
   1.8918919e-01   7.9442004e+00
   1.9019019e-01   7.9426358e+00
   1.9119119e-01   7.9410627e+00
   1.9219219e-01   7.9394809e+00
   1.9319319e-01   7.9378906e+00
   1.9419419e-01   7.9362917e+00
   1.9519520e-01   7.9346842e+00
   1.9619620e-01   7.9330682e+00
   1.9719720e-01   7.9314435e+00
   1.9819820e-01   7.9298102e+00
   1.9919920e-01   7.9281684e+00
   2.0020020e-01   7.9265179e+00
   2.0120120e-01   7.9248587e+00
   2.0220220e-01   7.9231910e+00
   2.0320320e-01   7.9215146e+00
   2.0420420e-01   7.9198296e+00
   2.0520521e-01   7.9181360e+00
   2.0620621e-01   7.9164337e+00
   2.0720721e-01   7.9147227e+00
   2.0820821e-01   7.9130031e+00
   2.0920921e-01   7.9112749e+00
   2.1021021e-01   7.9095379e+00
   2.1121121e-01   7.9077923e+00
   2.1221221e-01   7.9060380e+00
   2.1321321e-01   7.9042750e+00
   2.1421421e-01   7.9025034e+00
   2.1521522e-01   7.9007230e+00
   2.1621622e-01   7.8989339e+00
   2.1721722e-01   7.8971361e+00
   2.1821822e-01   7.8953296e+00
   2.1921922e-01   7.8935144e+00
   2.2022022e-01   7.8916905e+00
   2.2122122e-01   7.8898578e+00
   2.2222222e-01   7.8880164e+00
   2.2322322e-01   7.8861662e+00
   2.2422422e-01   7.8843073e+00
   2.2522523e-01   7.8824396e+00
   2.2622623e-01   7.8805631e+00
   2.2722723e-01   7.8786779e+00
   2.2822823e-01   7.8767839e+00
   2.2922923e-01   7.8748811e+00
   2.3023023e-01   7.8729696e+00
   2.3123123e-01   7.8710492e+00
   2.3223223e-01   7.8691200e+00
   2.3323323e-01   7.8671820e+00
   2.3423423e-01   7.8652353e+00
   2.3523524e-01   7.8632796e+00
   2.3623624e-01   7.8613152e+00
   2.3723724e-01   7.8593419e+00
   2.3823824e-01   7.8573598e+00
   2.3923924e-01   7.8553688e+00
   2.4024024e-01   7.8533690e+00
   2.4124124e-01   7.8513603e+00
   2.4224224e-01   7.8493427e+00
   2.4324324e-01   7.8473163e+00
   2.4424424e-01   7.8452810e+00
   2.4524525e-01   7.8432367e+00
   2.4624625e-01   7.8411836e+00
   2.4724725e-01   7.8391216e+00
   2.4824825e-01   7.8370507e+00
   2.4924925e-01   7.8349709e+00
   2.5025025e-01   7.8328821e+00
   2.5125125e-01   7.8307844e+00
   2.5225225e-01   7.8286778e+00
   2.5325325e-01   7.8265622e+00
   2.5425425e-01   7.8244376e+00
   2.5525526e-01   7.8223041e+00
   2.5625626e-01   7.8201617e+00
   2.5725726e-01   7.8180102e+00
   2.5825826e-01   7.8158498e+00
   2.5925926e-01   7.8136804e+00
   2.6026026e-01   7.8115020e+00
   2.6126126e-01   7.8093145e+00
   2.6226226e-01   7.8071181e+00
   2.6326326e-01   7.8049126e+00
   2.6426426e-01   7.8026981e+00
   2.6526527e-01   7.8004746e+00
   2.6626627e-01   7.7982421e+00
   2.6726727e-01   7.7960004e+00
   2.6826827e-01   7.7937498e+00
   2.6926927e-01   7.7914900e+00
   2.7027027e-01   7.7892212e+00
   2.7127127e-01   7.7869433e+00
   2.7227227e-01   7.7846563e+00
   2.7327327e-01   7.7823602e+00
   2.7427427e-01   7.7800550e+00
   2.7527528e-01   7.7777407e+00
   2.7627628e-01   7.7754172e+00
   2.7727728e-01   7.7730847e+00
   2.7827828e-01   7.7707429e+00
   2.7927928e-01   7.7683921e+00
   2.8028028e-01   7.7660321e+00
   2.8128128e-01   7.7636629e+00
   2.8228228e-01   7.7612845e+00
   2.8328328e-01   7.7588970e+00
   2.8428428e-01   7.7565002e+00
   2.8528529e-01   7.7540943e+00
   2.8628629e-01   7.7516792e+00
   2.8728729e-01   7.7492548e+00
   2.8828829e-01   7.7468212e+00
   2.8928929e-01   7.7443784e+00
   2.9029029e-01   7.7419264e+00
   2.9129129e-01   7.7394651e+00
   2.9229229e-01   7.7369945e+00
   2.9329329e-01   7.7345147e+00
   2.9429429e-01   7.7320256e+00
   2.9529530e-01   7.7295272e+00
   2.9629630e-01   7.7270195e+00
   2.9729730e-01   7.7245025e+00
   2.9829830e-01   7.7219762e+00
   2.9929930e-01   7.7194406e+00
   3.0030030e-01   7.7168956e+00
   3.0130130e-01   7.7143413e+00
   3.0230230e-01   7.7117776e+00
   3.0330330e-01   7.7092046e+00
   3.0430430e-01   7.7066222e+00
   3.0530531e-01   7.7040305e+00
   3.0630631e-01   7.7014293e+00
   3.0730731e-01   7.6988188e+00
   3.0830831e-01   7.6961988e+00
   3.0930931e-01   7.6935695e+00
   3.1031031e-01   7.6909307e+00
   3.1131131e-01   7.6882824e+00
   3.1231231e-01   7.6856247e+00
   3.1331331e-01   7.6829576e+00
   3.1431431e-01   7.6802810e+00
   3.1531532e-01   7.6775949e+00
   3.1631632e-01   7.6748994e+00
   3.1731732e-01   7.6721943e+00
   3.1831832e-01   7.6694797e+00
   3.1931932e-01   7.6667557e+00
   3.2032032e-01   7.6640221e+00
   3.2132132e-01   7.6612789e+00
   3.2232232e-01   7.6585262e+00
   3.2332332e-01   7.6557640e+00
   3.2432432e-01   7.6529922e+00
   3.2532533e-01   7.6502108e+00
   3.2632633e-01   7.6474198e+00
   3.2732733e-01   7.6446193e+00
   3.2832833e-01   7.6418091e+00
   3.2932933e-01   7.6389893e+00
   3.3033033e-01   7.6361598e+00
   3.3133133e-01   7.6333208e+00
   3.3233233e-01   7.6304721e+00
   3.3333333e-01   7.6276137e+00
   3.3433433e-01   7.6247456e+00
   3.3533534e-01   7.6218679e+00
   3.3633634e-01   7.6189804e+00
   3.3733734e-01   7.6160833e+00
   3.3833834e-01   7.6131764e+00
   3.3933934e-01   7.6102598e+00
   3.4034034e-01   7.6073335e+00
   3.4134134e-01   7.6043974e+00
   3.4234234e-01   7.6014516e+00
   3.4334334e-01   7.5984960e+00
   3.4434434e-01   7.5955306e+00
   3.4534535e-01   7.5925554e+00
   3.4634635e-01   7.5895704e+00
   3.4734735e-01   7.5865756e+00
   3.4834835e-01   7.5835709e+00
   3.4934935e-01   7.5805564e+00
   3.5035035e-01   7.5775321e+00
   3.5135135e-01   7.5744979e+00
   3.5235235e-01   7.5714538e+00
   3.5335335e-01   7.5683998e+00
   3.5435435e-01   7.5653359e+00
   3.5535536e-01   7.5622621e+00
   3.5635636e-01   7.5591784e+00
   3.5735736e-01   7.5560847e+00
   3.5835836e-01   7.5529811e+00
   3.5935936e-01   7.5498676e+00
   3.6036036e-01   7.5467440e+00
   3.6136136e-01   7.5436105e+00
   3.6236236e-01   7.5404669e+00
   3.6336336e-01   7.5373134e+00
   3.6436436e-01   7.5341498e+00
   3.6536537e-01   7.5309762e+00
   3.6636637e-01   7.5277925e+00
   3.6736737e-01   7.5245988e+00
   3.6836837e-01   7.5213950e+00
   3.6936937e-01   7.5181811e+00
   3.7037037e-01   7.5149571e+00
   3.7137137e-01   7.5117230e+00
   3.7237237e-01   7.5084788e+00
   3.7337337e-01   7.5052244e+00
   3.7437437e-01   7.5019599e+00
   3.7537538e-01   7.4986852e+00
   3.7637638e-01   7.4954003e+00
   3.7737738e-01   7.4921053e+00
   3.7837838e-01   7.4888000e+00
   3.7937938e-01   7.4854845e+00
   3.8038038e-01   7.4821588e+00
   3.8138138e-01   7.4788228e+00
   3.8238238e-01   7.4754765e+00
   3.8338338e-01   7.4721200e+00
   3.8438438e-01   7.4687532e+00
   3.8538539e-01   7.4653761e+00
   3.8638639e-01   7.4619887e+00
   3.8738739e-01   7.4585909e+00
   3.8838839e-01   7.4551828e+00
   3.8938939e-01   7.4517643e+00
   3.9039039e-01   7.4483355e+00
   3.9139139e-01   7.4448963e+00
   3.9239239e-01   7.4414466e+00
   3.9339339e-01   7.4379866e+00
   3.9439439e-01   7.4345161e+00
   3.9539540e-01   7.4310352e+00
   3.9639640e-01   7.4275438e+00
   3.9739740e-01   7.4240419e+00
   3.9839840e-01   7.4205296e+00
   3.9939940e-01   7.4170067e+00
   4.0040040e-01   7.4134733e+00
   4.0140140e-01   7.4099294e+00
   4.0240240e-01   7.4063749e+00
   4.0340340e-01   7.4028099e+00
   4.0440440e-01   7.3992343e+00
   4.0540541e-01   7.3956481e+00
   4.0640641e-01   7.3920513e+00
   4.0740741e-01   7.3884438e+00
   4.0840841e-01   7.3848257e+00
   4.0940941e-01   7.3811970e+00
   4.1041041e-01   7.3775575e+00
   4.1141141e-01   7.3739074e+00
   4.1241241e-01   7.3702466e+00
   4.1341341e-01   7.3665750e+00
   4.1441441e-01   7.3628928e+00
   4.1541542e-01   7.3591997e+00
   4.1641642e-01   7.3554959e+00
   4.1741742e-01   7.3517813e+00
   4.1841842e-01   7.3480559e+00
   4.1941942e-01   7.3443197e+00
   4.2042042e-01   7.3405726e+00
   4.2142142e-01   7.3368147e+00
   4.2242242e-01   7.3330460e+00
   4.2342342e-01   7.3292663e+00
   4.2442442e-01   7.3254757e+00
   4.2542543e-01   7.3216742e+00
   4.2642643e-01   7.3178618e+00
   4.2742743e-01   7.3140384e+00
   4.2842843e-01   7.3102041e+00
   4.2942943e-01   7.3063588e+00
   4.3043043e-01   7.3025024e+00
   4.3143143e-01   7.2986350e+00
   4.3243243e-01   7.2947566e+00
   4.3343343e-01   7.2908672e+00
   4.3443443e-01   7.2869666e+00
   4.3543544e-01   7.2830550e+00
   4.3643644e-01   7.2791322e+00
   4.3743744e-01   7.2751984e+00
   4.3843844e-01   7.2712533e+00
   4.3943944e-01   7.2672971e+00
   4.4044044e-01   7.2633298e+00
   4.4144144e-01   7.2593512e+00
   4.4244244e-01   7.2553614e+00
   4.4344344e-01   7.2513603e+00
   4.4444444e-01   7.2473480e+00
   4.4544545e-01   7.2433245e+00
   4.4644645e-01   7.2392896e+00
   4.4744745e-01   7.2352434e+00
   4.4844845e-01   7.2311859e+00
   4.4944945e-01   7.2271170e+00
   4.5045045e-01   7.2230368e+00
   4.5145145e-01   7.2189451e+00
   4.5245245e-01   7.2148421e+00
   4.5345345e-01   7.2107276e+00
   4.5445445e-01   7.2066017e+00
   4.5545546e-01   7.2024643e+00
   4.5645646e-01   7.1983154e+00
   4.5745746e-01   7.1941550e+00
   4.5845846e-01   7.1899831e+00
   4.5945946e-01   7.1857996e+00
   4.6046046e-01   7.1816046e+00
   4.6146146e-01   7.1773980e+00
   4.6246246e-01   7.1731797e+00
   4.6346346e-01   7.1689499e+00
   4.6446446e-01   7.1647083e+00
   4.6546547e-01   7.1604551e+00
   4.6646647e-01   7.1561903e+00
   4.6746747e-01   7.1519137e+00
   4.6846847e-01   7.1476253e+00
   4.6946947e-01   7.1433252e+00
   4.7047047e-01   7.1390134e+00
   4.7147147e-01   7.1346897e+00
   4.7247247e-01   7.1303542e+00
   4.7347347e-01   7.1260069e+00
   4.7447447e-01   7.1216477e+00
   4.7547548e-01   7.1172766e+00
   4.7647648e-01   7.1128937e+00
   4.7747748e-01   7.1084988e+00
   4.7847848e-01   7.1040919e+00
   4.7947948e-01   7.0996731e+00
   4.8048048e-01   7.0952422e+00
   4.8148148e-01   7.0907994e+00
   4.8248248e-01   7.0863445e+00
   4.8348348e-01   7.0818776e+00
   4.8448448e-01   7.0773985e+00
   4.8548549e-01   7.0729074e+00
   4.8648649e-01   7.0684041e+00
   4.8748749e-01   7.0638887e+00
   4.8848849e-01   7.0593611e+00
   4.8948949e-01   7.0548213e+00
   4.9049049e-01   7.0502692e+00
   4.9149149e-01   7.0457049e+00
   4.9249249e-01   7.0411284e+00
   4.9349349e-01   7.0365395e+00
   4.9449449e-01   7.0319383e+00
   4.9549550e-01   7.0273248e+00
   4.9649650e-01   7.0226989e+00
   4.9749750e-01   7.0180606e+00
   4.9849850e-01   7.0134099e+00
   4.9949950e-01   7.0087468e+00
   5.0050050e-01   7.0040712e+00
   5.0150150e-01   6.9993831e+00
   5.0250250e-01   6.9946824e+00
   5.0350350e-01   6.9899693e+00
   5.0450450e-01   6.9852435e+00
   5.0550551e-01   6.9805052e+00
   5.0650651e-01   6.9757542e+00
   5.0750751e-01   6.9709906e+00
   5.0850851e-01   6.9662143e+00
   5.0950951e-01   6.9614254e+00
   5.1051051e-01   6.9566237e+00
   5.1151151e-01   6.9518092e+00
   5.1251251e-01   6.9469820e+00
   5.1351351e-01   6.9421420e+00
   5.1451451e-01   6.9372891e+00
   5.1551552e-01   6.9324234e+00
   5.1651652e-01   6.9275448e+00
   5.1751752e-01   6.9226533e+00
   5.1851852e-01   6.9177488e+00
   5.1951952e-01   6.9128314e+00
   5.2052052e-01   6.9079010e+00
   5.2152152e-01   6.9029576e+00
   5.2252252e-01   6.8980011e+00
   5.2352352e-01   6.8930315e+00
   5.2452452e-01   6.8880488e+00
   5.2552553e-01   6.8830530e+00
   5.2652653e-01   6.8780441e+00
   5.2752753e-01   6.8730219e+00
   5.2852853e-01   6.8679865e+00
   5.2952953e-01   6.8629379e+00
   5.3053053e-01   6.8578760e+00
   5.3153153e-01   6.8528007e+00
   5.3253253e-01   6.8477122e+00
   5.3353353e-01   6.8426102e+00
   5.3453453e-01   6.8374949e+00
   5.3553554e-01   6.8323661e+00
   5.3653654e-01   6.8272239e+00
   5.3753754e-01   6.8220682e+00
   5.3853854e-01   6.8168990e+00
   5.3953954e-01   6.8117162e+00
   5.4054054e-01   6.8065198e+00
   5.4154154e-01   6.8013099e+00
   5.4254254e-01   6.7960862e+00
   5.4354354e-01   6.7908489e+00
   5.4454454e-01   6.7855979e+00
   5.4554555e-01   6.7803332e+00
   5.4654655e-01   6.7750547e+00
   5.4754755e-01   6.7697624e+00
   5.4854855e-01   6.7644562e+00
   5.4954955e-01   6.7591362e+00
   5.5055055e-01   6.7538023e+00
   5.5155155e-01   6.7484544e+00
   5.5255255e-01   6.7430926e+00
   5.5355355e-01   6.7377167e+00
   5.5455455e-01   6.7323269e+00
   5.5555556e-01   6.7269230e+00
   5.5655656e-01   6.7215049e+00
   5.5755756e-01   6.7160728e+00
   5.5855856e-01   6.7106264e+00
   5.5955956e-01   6.7051659e+00
   5.6056056e-01   6.6996911e+00
   5.6156156e-01   6.6942020e+00
   5.6256256e-01   6.6886987e+00
   5.6356356e-01   6.6831810e+00
   5.6456456e-01   6.6776489e+00
   5.6556557e-01   6.6721024e+00
   5.6656657e-01   6.6665414e+00
   5.6756757e-01   6.6609659e+00
   5.6856857e-01   6.6553760e+00
   5.6956957e-01   6.6497714e+00
   5.7057057e-01   6.6441523e+00
   5.7157157e-01   6.6385185e+00
   5.7257257e-01   6.6328701e+00
   5.7357357e-01   6.6272069e+00
   5.7457457e-01   6.6215290e+00
   5.7557558e-01   6.6158363e+00
   5.7657658e-01   6.6101288e+00
   5.7757758e-01   6.6044065e+00
   5.7857858e-01   6.5986692e+00
   5.7957958e-01   6.5929170e+00
   5.8058058e-01   6.5871498e+00
   5.8158158e-01   6.5813676e+00
   5.8258258e-01   6.5755703e+00
   5.8358358e-01   6.5697579e+00
   5.8458458e-01   6.5639304e+00
   5.8558559e-01   6.5580877e+00
   5.8658659e-01   6.5522298e+00
   5.8758759e-01   6.5463566e+00
   5.8858859e-01   6.5404682e+00
   5.8958959e-01   6.5345643e+00
   5.9059059e-01   6.5286451e+00
   5.9159159e-01   6.5227105e+00
   5.9259259e-01   6.5167604e+00
   5.9359359e-01   6.5107948e+00
   5.9459459e-01   6.5048137e+00
   5.9559560e-01   6.4988169e+00
   5.9659660e-01   6.4928045e+00
   5.9759760e-01   6.4867765e+00
   5.9859860e-01   6.4807326e+00
   5.9959960e-01   6.4746731e+00
   6.0060060e-01   6.4685977e+00
   6.0160160e-01   6.4625064e+00
   6.0260260e-01   6.4563993e+00
   6.0360360e-01   6.4502762e+00
   6.0460460e-01   6.4441371e+00
   6.0560561e-01   6.4379819e+00
   6.0660661e-01   6.4318107e+00
   6.0760761e-01   6.4256234e+00
   6.0860861e-01   6.4194198e+00
   6.0960961e-01   6.4132000e+00
   6.1061061e-01   6.4069640e+00
   6.1161161e-01   6.4007116e+00
   6.1261261e-01   6.3944429e+00
   6.1361361e-01   6.3881578e+00
   6.1461461e-01   6.3818561e+00
   6.1561562e-01   6.3755380e+00
   6.1661662e-01   6.3692033e+00
   6.1761762e-01   6.3628520e+00
   6.1861862e-01   6.3564840e+00
   6.1961962e-01   6.3500993e+00
   6.2062062e-01   6.3436979e+00
   6.2162162e-01   6.3372796e+00
   6.2262262e-01   6.3308445e+00
   6.2362362e-01   6.3243924e+00
   6.2462462e-01   6.3179234e+00
   6.2562563e-01   6.3114373e+00
   6.2662663e-01   6.3049342e+00
   6.2762763e-01   6.2984140e+00
   6.2862863e-01   6.2918765e+00
   6.2962963e-01   6.2853219e+00
   6.3063063e-01   6.2787499e+00
   6.3163163e-01   6.2721606e+00
   6.3263263e-01   6.2655540e+00
   6.3363363e-01   6.2589298e+00
   6.3463463e-01   6.2522882e+00
   6.3563564e-01   6.2456289e+00
   6.3663664e-01   6.2389521e+00
   6.3763764e-01   6.2322576e+00
   6.3863864e-01   6.2255454e+00
   6.3963964e-01   6.2188153e+00
   6.4064064e-01   6.2120674e+00
   6.4164164e-01   6.2053017e+00
   6.4264264e-01   6.1985179e+00
   6.4364364e-01   6.1917161e+00
   6.4464464e-01   6.1848963e+00
   6.4564565e-01   6.1780583e+00
   6.4664665e-01   6.1712020e+00
   6.4764765e-01   6.1643276e+00
   6.4864865e-01   6.1574348e+00
   6.4964965e-01   6.1505236e+00
   6.5065065e-01   6.1435939e+00
   6.5165165e-01   6.1366458e+00
   6.5265265e-01   6.1296790e+00
   6.5365365e-01   6.1226937e+00
   6.5465465e-01   6.1156896e+00
   6.5565566e-01   6.1086668e+00
   6.5665666e-01   6.1016251e+00
   6.5765766e-01   6.0945645e+00
   6.5865866e-01   6.0874850e+00
   6.5965966e-01   6.0803865e+00
   6.6066066e-01   6.0732688e+00
   6.6166166e-01   6.0661320e+00
   6.6266266e-01   6.0589759e+00
   6.6366366e-01   6.0518006e+00
   6.6466466e-01   6.0446059e+00
   6.6566567e-01   6.0373917e+00
   6.6666667e-01   6.0301581e+00
   6.6766767e-01   6.0229048e+00
   6.6866867e-01   6.0156320e+00
   6.6966967e-01   6.0083394e+00
   6.7067067e-01   6.0010270e+00
   6.7167167e-01   5.9936947e+00
   6.7267267e-01   5.9863425e+00
   6.7367367e-01   5.9789703e+00
   6.7467467e-01   5.9715780e+00
   6.7567568e-01   5.9641656e+00
   6.7667668e-01   5.9567329e+00
   6.7767768e-01   5.9492799e+00
   6.7867868e-01   5.9418066e+00
   6.7967968e-01   5.9343127e+00
   6.8068068e-01   5.9267983e+00
   6.8168168e-01   5.9192633e+00
   6.8268268e-01   5.9117077e+00
   6.8368368e-01   5.9041312e+00
   6.8468468e-01   5.8965339e+00
   6.8568569e-01   5.8889156e+00
   6.8668669e-01   5.8812763e+00
   6.8768769e-01   5.8736159e+00
   6.8868869e-01   5.8659343e+00
   6.8968969e-01   5.8582315e+00
   6.9069069e-01   5.8505073e+00
   6.9169169e-01   5.8427617e+00
   6.9269269e-01   5.8349945e+00
   6.9369369e-01   5.8272058e+00
   6.9469469e-01   5.8193953e+00
   6.9569570e-01   5.8115631e+00
   6.9669670e-01   5.8037090e+00
   6.9769770e-01   5.7958329e+00
   6.9869870e-01   5.7879348e+00
   6.9969970e-01   5.7800145e+00
   7.0070070e-01   5.7720721e+00
   7.0170170e-01   5.7641073e+00
   7.0270270e-01   5.7561200e+00
   7.0370370e-01   5.7481103e+00
   7.0470470e-01   5.7400780e+00
   7.0570571e-01   5.7320230e+00
   7.0670671e-01   5.7239451e+00
   7.0770771e-01   5.7158444e+00
   7.0870871e-01   5.7077207e+00
   7.0970971e-01   5.6995740e+00
   7.1071071e-01   5.6914040e+00
   7.1171171e-01   5.6832107e+00
   7.1271271e-01   5.6749941e+00
   7.1371371e-01   5.6667540e+00
   7.1471471e-01   5.6584903e+00
   7.1571572e-01   5.6502029e+00
   7.1671672e-01   5.6418916e+00
   7.1771772e-01   5.6335565e+00
   7.1871872e-01   5.6251974e+00
   7.1971972e-01   5.6168142e+00
   7.2072072e-01   5.6084067e+00
   7.2172172e-01   5.5999749e+00
   7.2272272e-01   5.5915187e+00
   7.2372372e-01   5.5830379e+00
   7.2472472e-01   5.5745324e+00
   7.2572573e-01   5.5660022e+00
   7.2672673e-01   5.5574471e+00
   7.2772773e-01   5.5488669e+00
   7.2872873e-01   5.5402616e+00
   7.2972973e-01   5.5316311e+00
   7.3073073e-01   5.5229753e+00
   7.3173173e-01   5.5142939e+00
   7.3273273e-01   5.5055870e+00
   7.3373373e-01   5.4968543e+00
   7.3473473e-01   5.4880957e+00
   7.3573574e-01   5.4793113e+00
   7.3673674e-01   5.4705007e+00
   7.3773774e-01   5.4616639e+00
   7.3873874e-01   5.4528007e+00
   7.3973974e-01   5.4439111e+00
   7.4074074e-01   5.4349948e+00
   7.4174174e-01   5.4260518e+00
   7.4274274e-01   5.4170820e+00
   7.4374374e-01   5.4080851e+00
   7.4474474e-01   5.3990611e+00
   7.4574575e-01   5.3900099e+00
   7.4674675e-01   5.3809312e+00
   7.4774775e-01   5.3718249e+00
   7.4874875e-01   5.3626910e+00
   7.4974975e-01   5.3535292e+00
   7.5075075e-01   5.3443395e+00
   7.5175175e-01   5.3351216e+00
   7.5275275e-01   5.3258755e+00
   7.5375375e-01   5.3166010e+00
   7.5475475e-01   5.3072979e+00
   7.5575576e-01   5.2979660e+00
   7.5675676e-01   5.2886053e+00
   7.5775776e-01   5.2792156e+00
   7.5875876e-01   5.2697967e+00
   7.5975976e-01   5.2603485e+00
   7.6076076e-01   5.2508708e+00
   7.6176176e-01   5.2413634e+00
   7.6276276e-01   5.2318262e+00
   7.6376376e-01   5.2222591e+00
   7.6476476e-01   5.2126618e+00
   7.6576577e-01   5.2030342e+00
   7.6676677e-01   5.1933761e+00
   7.6776777e-01   5.1836874e+00
   7.6876877e-01   5.1739679e+00
   7.6976977e-01   5.1642173e+00
   7.7077077e-01   5.1544356e+00
   7.7177177e-01   5.1446226e+00
   7.7277277e-01   5.1347780e+00
   7.7377377e-01   5.1249017e+00
   7.7477477e-01   5.1149935e+00
   7.7577578e-01   5.1050533e+00
   7.7677678e-01   5.0950808e+00
   7.7777778e-01   5.0850758e+00
   7.7877878e-01   5.0750382e+00
   7.7977978e-01   5.0649677e+00
   7.8078078e-01   5.0548642e+00
   7.8178178e-01   5.0447275e+00
   7.8278278e-01   5.0345573e+00
   7.8378378e-01   5.0243535e+00
   7.8478478e-01   5.0141158e+00
   7.8578579e-01   5.0038441e+00
   7.8678679e-01   4.9935382e+00
   7.8778779e-01   4.9831977e+00
   7.8878879e-01   4.9728226e+00
   7.8978979e-01   4.9624125e+00
   7.9079079e-01   4.9519674e+00
   7.9179179e-01   4.9414869e+00
   7.9279279e-01   4.9309708e+00
   7.9379379e-01   4.9204189e+00
   7.9479479e-01   4.9098309e+00
   7.9579580e-01   4.8992067e+00
   7.9679680e-01   4.8885460e+00
   7.9779780e-01   4.8778486e+00
   7.9879880e-01   4.8671141e+00
   7.9979980e-01   4.8563424e+00
   8.0080080e-01   4.8455333e+00
   8.0180180e-01   4.8346864e+00
   8.0280280e-01   4.8238015e+00
   8.0380380e-01   4.8128784e+00
   8.0480480e-01   4.8019168e+00
   8.0580581e-01   4.7909164e+00
   8.0680681e-01   4.7798770e+00
   8.0780781e-01   4.7687982e+00
   8.0880881e-01   4.7576799e+00
   8.0980981e-01   4.7465217e+00
   8.1081081e-01   4.7353234e+00
   8.1181181e-01   4.7240847e+00
   8.1281281e-01   4.7128052e+00
   8.1381381e-01   4.7014847e+00
   8.1481481e-01   4.6901229e+00
   8.1581582e-01   4.6787196e+00
   8.1681682e-01   4.6672742e+00
   8.1781782e-01   4.6557867e+00
   8.1881882e-01   4.6442567e+00
   8.1981982e-01   4.6326837e+00
   8.2082082e-01   4.6210676e+00
   8.2182182e-01   4.6094081e+00
   8.2282282e-01   4.5977046e+00
   8.2382382e-01   4.5859570e+00
   8.2482482e-01   4.5741649e+00
   8.2582583e-01   4.5623280e+00
   8.2682683e-01   4.5504458e+00
   8.2782783e-01   4.5385181e+00
   8.2882883e-01   4.5265445e+00
   8.2982983e-01   4.5145245e+00
   8.3083083e-01   4.5024580e+00
   8.3183183e-01   4.4903444e+00
   8.3283283e-01   4.4781833e+00
   8.3383383e-01   4.4659745e+00
   8.3483483e-01   4.4537175e+00
   8.3583584e-01   4.4414119e+00
   8.3683684e-01   4.4290573e+00
   8.3783784e-01   4.4166533e+00
   8.3883884e-01   4.4041994e+00
   8.3983984e-01   4.3916954e+00
   8.4084084e-01   4.3791406e+00
   8.4184184e-01   4.3665347e+00
   8.4284284e-01   4.3538773e+00
   8.4384384e-01   4.3411678e+00
   8.4484484e-01   4.3284059e+00
   8.4584585e-01   4.3155910e+00
   8.4684685e-01   4.3027227e+00
   8.4784785e-01   4.2898006e+00
   8.4884885e-01   4.2768240e+00
   8.4984985e-01   4.2637926e+00
   8.5085085e-01   4.2507058e+00
   8.5185185e-01   4.2375631e+00
   8.5285285e-01   4.2243641e+00
   8.5385385e-01   4.2111080e+00
   8.5485485e-01   4.1977945e+00
   8.5585586e-01   4.1844229e+00
   8.5685686e-01   4.1709928e+00
   8.5785786e-01   4.1575035e+00
   8.5885886e-01   4.1439544e+00
   8.5985986e-01   4.1303450e+00
   8.6086086e-01   4.1166748e+00
   8.6186186e-01   4.1029429e+00
   8.6286286e-01   4.0891490e+00
   8.6386386e-01   4.0752922e+00
   8.6486486e-01   4.0613720e+00
   8.6586587e-01   4.0473878e+00
   8.6686687e-01   4.0333388e+00
   8.6786787e-01   4.0192243e+00
   8.6886887e-01   4.0050438e+00
   8.6986987e-01   3.9907964e+00
   8.7087087e-01   3.9764815e+00
   8.7187187e-01   3.9620983e+00
   8.7287287e-01   3.9476461e+00
   8.7387387e-01   3.9331242e+00
   8.7487487e-01   3.9185316e+00
   8.7587588e-01   3.9038678e+00
   8.7687688e-01   3.8891317e+00
   8.7787788e-01   3.8743227e+00
   8.7887888e-01   3.8594399e+00
   8.7987988e-01   3.8444824e+00
   8.8088088e-01   3.8294494e+00
   8.8188188e-01   3.8143399e+00
   8.8288288e-01   3.7991531e+00
   8.8388388e-01   3.7838879e+00
   8.8488488e-01   3.7685436e+00
   8.8588589e-01   3.7531190e+00
   8.8688689e-01   3.7376132e+00
   8.8788789e-01   3.7220253e+00
   8.8888889e-01   3.7063540e+00
   8.8988989e-01   3.6905985e+00
   8.9089089e-01   3.6747575e+00
   8.9189189e-01   3.6588301e+00
   8.9289289e-01   3.6428150e+00
   8.9389389e-01   3.6267111e+00
   8.9489489e-01   3.6105172e+00
   8.9589590e-01   3.5942321e+00
   8.9689690e-01   3.5778545e+00
   8.9789790e-01   3.5613833e+00
   8.9889890e-01   3.5448169e+00
   8.9989990e-01   3.5281543e+00
   9.0090090e-01   3.5113938e+00
   9.0190190e-01   3.4945342e+00
   9.0290290e-01   3.4775741e+00
   9.0390390e-01   3.4605118e+00
   9.0490490e-01   3.4433460e+00
   9.0590591e-01   3.4260750e+00
   9.0690691e-01   3.4086972e+00
   9.0790791e-01   3.3912111e+00
   9.0890891e-01   3.3736149e+00
   9.0990991e-01   3.3559069e+00
   9.1091091e-01   3.3380853e+00
   9.1191191e-01   3.3201483e+00
   9.1291291e-01   3.3020940e+00
   9.1391391e-01   3.2839205e+00
   9.1491491e-01   3.2656257e+00
   9.1591592e-01   3.2472077e+00
   9.1691692e-01   3.2286643e+00
   9.1791792e-01   3.2099934e+00
   9.1891892e-01   3.1911927e+00
   9.1991992e-01   3.1722599e+00
   9.2092092e-01   3.1531926e+00
   9.2192192e-01   3.1339883e+00
   9.2292292e-01   3.1146447e+00
   9.2392392e-01   3.0951589e+00
   9.2492492e-01   3.0755284e+00
   9.2592593e-01   3.0557502e+00
   9.2692693e-01   3.0358217e+00
   9.2792793e-01   3.0157397e+00
   9.2892893e-01   2.9955012e+00
   9.2992993e-01   2.9751029e+00
   9.3093093e-01   2.9545417e+00
   9.3193193e-01   2.9338140e+00
   9.3293293e-01   2.9129163e+00
   9.3393393e-01   2.8918449e+00
   9.3493493e-01   2.8705959e+00
   9.3593594e-01   2.8491655e+00
   9.3693694e-01   2.8275495e+00
   9.3793794e-01   2.8057436e+00
   9.3893894e-01   2.7837433e+00
   9.3993994e-01   2.7615440e+00
   9.4094094e-01   2.7391409e+00
   9.4194194e-01   2.7165289e+00
   9.4294294e-01   2.6937027e+00
   9.4394394e-01   2.6706568e+00
   9.4494494e-01   2.6473856e+00
   9.4594595e-01   2.6238830e+00
   9.4694695e-01   2.6001428e+00
   9.4794795e-01   2.5761583e+00
   9.4894895e-01   2.5519228e+00
   9.4994995e-01   2.5274289e+00
   9.5095095e-01   2.5026690e+00
   9.5195195e-01   2.4776353e+00
   9.5295295e-01   2.4523194e+00
   9.5395395e-01   2.4267123e+00
   9.5495495e-01   2.4008047e+00
   9.5595596e-01   2.3745870e+00
   9.5695696e-01   2.3480485e+00
   9.5795796e-01   2.3211785e+00
   9.5895896e-01   2.2939651e+00
   9.5995996e-01   2.2663960e+00
   9.6096096e-01   2.2384582e+00
   9.6196196e-01   2.2101375e+00
   9.6296296e-01   2.1814191e+00
   9.6396396e-01   2.1522872e+00
   9.6496496e-01   2.1227245e+00
   9.6596597e-01   2.0927129e+00
   9.6696697e-01   2.0622329e+00
   9.6796797e-01   2.0312632e+00
   9.6896897e-01   1.9997812e+00
   9.6996997e-01   1.9677623e+00
   9.7097097e-01   1.9351798e+00
   9.7197197e-01   1.9020047e+00
   9.7297297e-01   1.8682055e+00
   9.7397397e-01   1.8337477e+00
   9.7497497e-01   1.7985935e+00
   9.7597598e-01   1.7627010e+00
   9.7697698e-01   1.7260244e+00
   9.7797798e-01   1.6885125e+00
   9.7897898e-01   1.6501083e+00
   9.7997998e-01   1.6107480e+00
   9.8098098e-01   1.5703598e+00
   9.8198198e-01   1.5288621e+00
   9.8298298e-01   1.4861620e+00
   9.8398398e-01   1.4421528e+00
   9.8498498e-01   1.3967107e+00
   9.8598599e-01   1.3496909e+00
   9.8698699e-01   1.3009224e+00
   9.8798799e-01   1.2502006e+00
   9.8898899e-01   1.1972773e+00
   9.8998999e-01   1.1418463e+00
   9.9099099e-01   1.0835229e+00
   9.9199199e-01   1.0218120e+00
   9.9299299e-01   9.5605772e-01
   9.9399399e-01   8.8535971e-01
   9.9499499e-01   8.0842198e-01
   9.9599600e-01   7.2325598e-01
   9.9699700e-01   6.2651509e-01
   9.9799800e-01   5.1167562e-01
   9.9899900e-01   3.6189993e-01
   1.0000000e+00   0.0000000e+00
