   0.0000000e+00   1.0036153e+01
   1.0010010e-03   1.0028484e+01
   2.0020020e-03   1.0020811e+01
   3.0030030e-03   1.0013135e+01
   4.0040040e-03   1.0005454e+01
   5.0050050e-03   9.9977686e+00
   6.0060060e-03   9.9900796e+00
   7.0070070e-03   9.9823865e+00
   8.0080080e-03   9.9746893e+00
   9.0090090e-03   9.9669881e+00
   1.0010010e-02   9.9592829e+00
   1.1011011e-02   9.9515735e+00
   1.2012012e-02   9.9438602e+00
   1.3013013e-02   9.9361428e+00
   1.4014014e-02   9.9284213e+00
   1.5015015e-02   9.9206958e+00
   1.6016016e-02   9.9129662e+00
   1.7017017e-02   9.9052325e+00
   1.8018018e-02   9.8974948e+00
   1.9019019e-02   9.8897531e+00
   2.0020020e-02   9.8820073e+00
   2.1021021e-02   9.8742574e+00
   2.2022022e-02   9.8665035e+00
   2.3023023e-02   9.8587456e+00
   2.4024024e-02   9.8509835e+00
   2.5025025e-02   9.8432174e+00
   2.6026026e-02   9.8354473e+00
   2.7027027e-02   9.8276731e+00
   2.8028028e-02   9.8198948e+00
   2.9029029e-02   9.8121125e+00
   3.0030030e-02   9.8043262e+00
   3.1031031e-02   9.7965357e+00
   3.2032032e-02   9.7887412e+00
   3.3033033e-02   9.7809427e+00
   3.4034034e-02   9.7731401e+00
   3.5035035e-02   9.7653334e+00
   3.6036036e-02   9.7575227e+00
   3.7037037e-02   9.7497079e+00
   3.8038038e-02   9.7418890e+00
   3.9039039e-02   9.7340661e+00
   4.0040040e-02   9.7262391e+00
   4.1041041e-02   9.7184081e+00
   4.2042042e-02   9.7105730e+00
   4.3043043e-02   9.7027338e+00
   4.4044044e-02   9.6948906e+00
   4.5045045e-02   9.6870433e+00
   4.6046046e-02   9.6791919e+00
   4.7047047e-02   9.6713365e+00
   4.8048048e-02   9.6634770e+00
   4.9049049e-02   9.6556134e+00
   5.0050050e-02   9.6477458e+00
   5.1051051e-02   9.6398741e+00
   5.2052052e-02   9.6319983e+00
   5.3053053e-02   9.6241185e+00
   5.4054054e-02   9.6162346e+00
   5.5055055e-02   9.6083466e+00
   5.6056056e-02   9.6004546e+00
   5.7057057e-02   9.5925584e+00
   5.8058058e-02   9.5846582e+00
   5.9059059e-02   9.5767540e+00
   6.0060060e-02   9.5688456e+00
   6.1061061e-02   9.5609332e+00
   6.2062062e-02   9.5530167e+00
   6.3063063e-02   9.5450961e+00
   6.4064064e-02   9.5371715e+00
   6.5065065e-02   9.5292427e+00
   6.6066066e-02   9.5213099e+00
   6.7067067e-02   9.5133730e+00
   6.8068068e-02   9.5054321e+00
   6.9069069e-02   9.4974870e+00
   7.0070070e-02   9.4895379e+00
   7.1071071e-02   9.4815847e+00
   7.2072072e-02   9.4736274e+00
   7.3073073e-02   9.4656660e+00
   7.4074074e-02   9.4577005e+00
   7.5075075e-02   9.4497309e+00
   7.6076076e-02   9.4417573e+00
   7.7077077e-02   9.4337796e+00
   7.8078078e-02   9.4257977e+00
   7.9079079e-02   9.4178118e+00
   8.0080080e-02   9.4098218e+00
   8.1081081e-02   9.4018277e+00
   8.2082082e-02   9.3938295e+00
   8.3083083e-02   9.3858272e+00
   8.4084084e-02   9.3778208e+00
   8.5085085e-02   9.3698104e+00
   8.6086086e-02   9.3617958e+00
   8.7087087e-02   9.3537771e+00
   8.8088088e-02   9.3457543e+00
   8.9089089e-02   9.3377274e+00
   9.0090090e-02   9.3296965e+00
   9.1091091e-02   9.3216614e+00
   9.2092092e-02   9.3136222e+00
   9.3093093e-02   9.3055789e+00
   9.4094094e-02   9.2975315e+00
   9.5095095e-02   9.2894800e+00
   9.6096096e-02   9.2814244e+00
   9.7097097e-02   9.2733646e+00
   9.8098098e-02   9.2653008e+00
   9.9099099e-02   9.2572329e+00
   1.0010010e-01   9.2491608e+00
   1.0110110e-01   9.2410846e+00
   1.0210210e-01   9.2330043e+00
   1.0310310e-01   9.2249199e+00
   1.0410410e-01   9.2168314e+00
   1.0510511e-01   9.2087387e+00
   1.0610611e-01   9.2006420e+00
   1.0710711e-01   9.1925411e+00
   1.0810811e-01   9.1844360e+00
   1.0910911e-01   9.1763269e+00
   1.1011011e-01   9.1682136e+00
   1.1111111e-01   9.1600962e+00
   1.1211211e-01   9.1519747e+00
   1.1311311e-01   9.1438490e+00
   1.1411411e-01   9.1357192e+00
   1.1511512e-01   9.1275853e+00
   1.1611612e-01   9.1194473e+00
   1.1711712e-01   9.1113051e+00
   1.1811812e-01   9.1031587e+00
   1.1911912e-01   9.0950083e+00
   1.2012012e-01   9.0868536e+00
   1.2112112e-01   9.0786949e+00
   1.2212212e-01   9.0705320e+00
   1.2312312e-01   9.0623649e+00
   1.2412412e-01   9.0541937e+00
   1.2512513e-01   9.0460184e+00
   1.2612613e-01   9.0378389e+00
   1.2712713e-01   9.0296552e+00
   1.2812813e-01   9.0214674e+00
   1.2912913e-01   9.0132755e+00
   1.3013013e-01   9.0050794e+00
   1.3113113e-01   8.9968791e+00
   1.3213213e-01   8.9886747e+00
   1.3313313e-01   8.9804661e+00
   1.3413413e-01   8.9722533e+00
   1.3513514e-01   8.9640364e+00
   1.3613614e-01   8.9558153e+00
   1.3713714e-01   8.9475901e+00
   1.3813814e-01   8.9393606e+00
   1.3913914e-01   8.9311270e+00
   1.4014014e-01   8.9228893e+00
   1.4114114e-01   8.9146473e+00
   1.4214214e-01   8.9064012e+00
   1.4314314e-01   8.8981509e+00
   1.4414414e-01   8.8898964e+00
   1.4514515e-01   8.8816377e+00
   1.4614615e-01   8.8733749e+00
   1.4714715e-01   8.8651078e+00
   1.4814815e-01   8.8568366e+00
   1.4914915e-01   8.8485612e+00
   1.5015015e-01   8.8402816e+00
   1.5115115e-01   8.8319978e+00
   1.5215215e-01   8.8237098e+00
   1.5315315e-01   8.8154176e+00
   1.5415415e-01   8.8071212e+00
   1.5515516e-01   8.7988206e+00
   1.5615616e-01   8.7905157e+00
   1.5715716e-01   8.7822067e+00
   1.5815816e-01   8.7738935e+00
   1.5915916e-01   8.7655761e+00
   1.6016016e-01   8.7572544e+00
   1.6116116e-01   8.7489286e+00
   1.6216216e-01   8.7405985e+00
   1.6316316e-01   8.7322642e+00
   1.6416416e-01   8.7239257e+00
   1.6516517e-01   8.7155830e+00
   1.6616617e-01   8.7072360e+00
   1.6716717e-01   8.6988848e+00
   1.6816817e-01   8.6905294e+00
   1.6916917e-01   8.6821697e+00
   1.7017017e-01   8.6738058e+00
   1.7117117e-01   8.6654377e+00
   1.7217217e-01   8.6570654e+00
   1.7317317e-01   8.6486888e+00
   1.7417417e-01   8.6403079e+00
   1.7517518e-01   8.6319228e+00
   1.7617618e-01   8.6235335e+00
   1.7717718e-01   8.6151399e+00
   1.7817818e-01   8.6067421e+00
   1.7917918e-01   8.5983400e+00
   1.8018018e-01   8.5899337e+00
   1.8118118e-01   8.5815231e+00
   1.8218218e-01   8.5731082e+00
   1.8318318e-01   8.5646891e+00
   1.8418418e-01   8.5562657e+00
   1.8518519e-01   8.5478380e+00
   1.8618619e-01   8.5394061e+00
   1.8718719e-01   8.5309699e+00
   1.8818819e-01   8.5225294e+00
   1.8918919e-01   8.5140846e+00
   1.9019019e-01   8.5056356e+00
   1.9119119e-01   8.4971822e+00
   1.9219219e-01   8.4887246e+00
   1.9319319e-01   8.4802627e+00
   1.9419419e-01   8.4717965e+00
   1.9519520e-01   8.4633260e+00
   1.9619620e-01   8.4548513e+00
   1.9719720e-01   8.4463722e+00
   1.9819820e-01   8.4378888e+00
   1.9919920e-01   8.4294011e+00
   2.0020020e-01   8.4209091e+00
   2.0120120e-01   8.4124128e+00
   2.0220220e-01   8.4039122e+00
   2.0320320e-01   8.3954072e+00
   2.0420420e-01   8.3868980e+00
   2.0520521e-01   8.3783844e+00
   2.0620621e-01   8.3698665e+00
   2.0720721e-01   8.3613443e+00
   2.0820821e-01   8.3528177e+00
   2.0920921e-01   8.3442869e+00
   2.1021021e-01   8.3357516e+00
   2.1121121e-01   8.3272121e+00
   2.1221221e-01   8.3186682e+00
   2.1321321e-01   8.3101200e+00
   2.1421421e-01   8.3015674e+00
   2.1521522e-01   8.2930104e+00
   2.1621622e-01   8.2844491e+00
   2.1721722e-01   8.2758835e+00
   2.1821822e-01   8.2673135e+00
   2.1921922e-01   8.2587391e+00
   2.2022022e-01   8.2501604e+00
   2.2122122e-01   8.2415773e+00
   2.2222222e-01   8.2329899e+00
   2.2322322e-01   8.2243980e+00
   2.2422422e-01   8.2158018e+00
   2.2522523e-01   8.2072012e+00
   2.2622623e-01   8.1985963e+00
   2.2722723e-01   8.1899869e+00
   2.2822823e-01   8.1813731e+00
   2.2922923e-01   8.1727550e+00
   2.3023023e-01   8.1641325e+00
   2.3123123e-01   8.1555055e+00
   2.3223223e-01   8.1468742e+00
   2.3323323e-01   8.1382385e+00
   2.3423423e-01   8.1295983e+00
   2.3523524e-01   8.1209538e+00
   2.3623624e-01   8.1123048e+00
   2.3723724e-01   8.1036514e+00
   2.3823824e-01   8.0949936e+00
   2.3923924e-01   8.0863314e+00
   2.4024024e-01   8.0776647e+00
   2.4124124e-01   8.0689936e+00
   2.4224224e-01   8.0603181e+00
   2.4324324e-01   8.0516381e+00
   2.4424424e-01   8.0429537e+00
   2.4524525e-01   8.0342648e+00
   2.4624625e-01   8.0255715e+00
   2.4724725e-01   8.0168738e+00
   2.4824825e-01   8.0081716e+00
   2.4924925e-01   7.9994649e+00
   2.5025025e-01   7.9907538e+00
   2.5125125e-01   7.9820382e+00
   2.5225225e-01   7.9733181e+00
   2.5325325e-01   7.9645935e+00
   2.5425425e-01   7.9558645e+00
   2.5525526e-01   7.9471310e+00
   2.5625626e-01   7.9383930e+00
   2.5725726e-01   7.9296506e+00
   2.5825826e-01   7.9209036e+00
   2.5925926e-01   7.9121522e+00
   2.6026026e-01   7.9033962e+00
   2.6126126e-01   7.8946357e+00
   2.6226226e-01   7.8858708e+00
   2.6326326e-01   7.8771013e+00
   2.6426426e-01   7.8683273e+00
   2.6526527e-01   7.8595488e+00
   2.6626627e-01   7.8507657e+00
   2.6726727e-01   7.8419782e+00
   2.6826827e-01   7.8331861e+00
   2.6926927e-01   7.8243895e+00
   2.7027027e-01   7.8155883e+00
   2.7127127e-01   7.8067826e+00
   2.7227227e-01   7.7979724e+00
   2.7327327e-01   7.7891576e+00
   2.7427427e-01   7.7803382e+00
   2.7527528e-01   7.7715143e+00
   2.7627628e-01   7.7626858e+00
   2.7727728e-01   7.7538528e+00
   2.7827828e-01   7.7450152e+00
   2.7927928e-01   7.7361730e+00
   2.8028028e-01   7.7273263e+00
   2.8128128e-01   7.7184749e+00
   2.8228228e-01   7.7096190e+00
   2.8328328e-01   7.7007585e+00
   2.8428428e-01   7.6918934e+00
   2.8528529e-01   7.6830236e+00
   2.8628629e-01   7.6741493e+00
   2.8728729e-01   7.6652704e+00
   2.8828829e-01   7.6563869e+00
   2.8928929e-01   7.6474987e+00
   2.9029029e-01   7.6386059e+00
   2.9129129e-01   7.6297085e+00
   2.9229229e-01   7.6208065e+00
   2.9329329e-01   7.6118998e+00
   2.9429429e-01   7.6029885e+00
   2.9529530e-01   7.5940726e+00
   2.9629630e-01   7.5851520e+00
   2.9729730e-01   7.5762267e+00
   2.9829830e-01   7.5672968e+00
   2.9929930e-01   7.5583623e+00
   3.0030030e-01   7.5494230e+00
   3.0130130e-01   7.5404791e+00
   3.0230230e-01   7.5315306e+00
   3.0330330e-01   7.5225773e+00
   3.0430430e-01   7.5136194e+00
   3.0530531e-01   7.5046567e+00
   3.0630631e-01   7.4956894e+00
   3.0730731e-01   7.4867174e+00
   3.0830831e-01   7.4777407e+00
   3.0930931e-01   7.4687592e+00
   3.1031031e-01   7.4597731e+00
   3.1131131e-01   7.4507822e+00
   3.1231231e-01   7.4423616e+00
   3.1331331e-01   7.4376590e+00
   3.1431431e-01   7.4329516e+00
   3.1531532e-01   7.4282395e+00
   3.1631632e-01   7.4235227e+00
   3.1731732e-01   7.4188011e+00
   3.1831832e-01   7.4140747e+00
   3.1931932e-01   7.4093436e+00
   3.2032032e-01   7.4046077e+00
   3.2132132e-01   7.3998671e+00
   3.2232232e-01   7.3951217e+00
   3.2332332e-01   7.3903715e+00
   3.2432432e-01   7.3856165e+00
   3.2532533e-01   7.3808568e+00
   3.2632633e-01   7.3760922e+00
   3.2732733e-01   7.3713229e+00
   3.2832833e-01   7.3665487e+00
   3.2932933e-01   7.3617697e+00
   3.3033033e-01   7.3569860e+00
   3.3133133e-01   7.3521974e+00
   3.3233233e-01   7.3474039e+00
   3.3333333e-01   7.3426057e+00
   3.3433433e-01   7.3378026e+00
   3.3533534e-01   7.3329946e+00
   3.3633634e-01   7.3281819e+00
   3.3733734e-01   7.3233642e+00
   3.3833834e-01   7.3185417e+00
   3.3933934e-01   7.3137144e+00
   3.4034034e-01   7.3088821e+00
   3.4134134e-01   7.3040450e+00
   3.4234234e-01   7.2992030e+00
   3.4334334e-01   7.2943562e+00
   3.4434434e-01   7.2895044e+00
   3.4534535e-01   7.2846477e+00
   3.4634635e-01   7.2797862e+00
   3.4734735e-01   7.2749197e+00
   3.4834835e-01   7.2700483e+00
   3.4934935e-01   7.2651720e+00
   3.5035035e-01   7.2602907e+00
   3.5135135e-01   7.2554046e+00
   3.5235235e-01   7.2505135e+00
   3.5335335e-01   7.2456174e+00
   3.5435435e-01   7.2407164e+00
   3.5535536e-01   7.2358104e+00
   3.5635636e-01   7.2308995e+00
   3.5735736e-01   7.2259836e+00
   3.5835836e-01   7.2210627e+00
   3.5935936e-01   7.2161369e+00
   3.6036036e-01   7.2112060e+00
   3.6136136e-01   7.2062702e+00
   3.6236236e-01   7.2013294e+00
   3.6336336e-01   7.1963835e+00
   3.6436436e-01   7.1914327e+00
   3.6536537e-01   7.1864768e+00
   3.6636637e-01   7.1815159e+00
   3.6736737e-01   7.1765500e+00
   3.6836837e-01   7.1715790e+00
   3.6936937e-01   7.1666030e+00
   3.7037037e-01   7.1616219e+00
   3.7137137e-01   7.1566358e+00
   3.7237237e-01   7.1516446e+00
   3.7337337e-01   7.1466484e+00
   3.7437437e-01   7.1416470e+00
   3.7537538e-01   7.1366406e+00
   3.7637638e-01   7.1316291e+00
   3.7737738e-01   7.1266125e+00
   3.7837838e-01   7.1215908e+00
   3.7937938e-01   7.1165640e+00
   3.8038038e-01   7.1115321e+00
   3.8138138e-01   7.1064950e+00
   3.8238238e-01   7.1014528e+00
   3.8338338e-01   7.0964055e+00
   3.8438438e-01   7.0913530e+00
   3.8538539e-01   7.0862954e+00
   3.8638639e-01   7.0812326e+00
   3.8738739e-01   7.0761647e+00
   3.8838839e-01   7.0710915e+00
   3.8938939e-01   7.0660132e+00
   3.9039039e-01   7.0609297e+00
   3.9139139e-01   7.0558411e+00
   3.9239239e-01   7.0507472e+00
   3.9339339e-01   7.0456481e+00
   3.9439439e-01   7.0405438e+00
   3.9539540e-01   7.0354343e+00
   3.9639640e-01   7.0303195e+00
   3.9739740e-01   7.0251995e+00
   3.9839840e-01   7.0200742e+00
   3.9939940e-01   7.0149438e+00
   4.0040040e-01   7.0098080e+00
   4.0140140e-01   7.0046670e+00
   4.0240240e-01   6.9995207e+00
   4.0340340e-01   6.9943691e+00
   4.0440440e-01   6.9892122e+00
   4.0540541e-01   6.9840500e+00
   4.0640641e-01   6.9788826e+00
   4.0740741e-01   6.9737098e+00
   4.0840841e-01   6.9685316e+00
   4.0940941e-01   6.9633482e+00
   4.1041041e-01   6.9581594e+00
   4.1141141e-01   6.9529653e+00
   4.1241241e-01   6.9477658e+00
   4.1341341e-01   6.9425610e+00
   4.1441441e-01   6.9373508e+00
   4.1541542e-01   6.9321352e+00
   4.1641642e-01   6.9269142e+00
   4.1741742e-01   6.9216878e+00
   4.1841842e-01   6.9164561e+00
   4.1941942e-01   6.9112189e+00
   4.2042042e-01   6.9059763e+00
   4.2142142e-01   6.9007283e+00
   4.2242242e-01   6.8954748e+00
   4.2342342e-01   6.8902159e+00
   4.2442442e-01   6.8849516e+00
   4.2542543e-01   6.8796818e+00
   4.2642643e-01   6.8744065e+00
   4.2742743e-01   6.8691257e+00
   4.2842843e-01   6.8638395e+00
   4.2942943e-01   6.8585477e+00
   4.3043043e-01   6.8532505e+00
   4.3143143e-01   6.8479478e+00
   4.3243243e-01   6.8426395e+00
   4.3343343e-01   6.8373257e+00
   4.3443443e-01   6.8320063e+00
   4.3543544e-01   6.8266815e+00
   4.3643644e-01   6.8213510e+00
   4.3743744e-01   6.8160150e+00
   4.3843844e-01   6.8106734e+00
   4.3943944e-01   6.8053263e+00
   4.4044044e-01   6.7999735e+00
   4.4144144e-01   6.7946152e+00
   4.4244244e-01   6.7892512e+00
   4.4344344e-01   6.7838816e+00
   4.4444444e-01   6.7785064e+00
   4.4544545e-01   6.7731255e+00
   4.4644645e-01   6.7677390e+00
   4.4744745e-01   6.7623469e+00
   4.4844845e-01   6.7569490e+00
   4.4944945e-01   6.7515455e+00
   4.5045045e-01   6.7461363e+00
   4.5145145e-01   6.7407215e+00
   4.5245245e-01   6.7353009e+00
   4.5345345e-01   6.7298746e+00
   4.5445445e-01   6.7244425e+00
   4.5545546e-01   6.7190048e+00
   4.5645646e-01   6.7135613e+00
   4.5745746e-01   6.7081120e+00
   4.5845846e-01   6.7026570e+00
   4.5945946e-01   6.6971962e+00
   4.6046046e-01   6.6917296e+00
   4.6146146e-01   6.6862572e+00
   4.6246246e-01   6.6807790e+00
   4.6346346e-01   6.6752950e+00
   4.6446446e-01   6.6698052e+00
   4.6546547e-01   6.6643095e+00
   4.6646647e-01   6.6588080e+00
   4.6746747e-01   6.6533006e+00
   4.6846847e-01   6.6477874e+00
   4.6946947e-01   6.6422683e+00
   4.7047047e-01   6.6367433e+00
   4.7147147e-01   6.6312124e+00
   4.7247247e-01   6.6256756e+00
   4.7347347e-01   6.6201329e+00
   4.7447447e-01   6.6145842e+00
   4.7547548e-01   6.6090296e+00
   4.7647648e-01   6.6034690e+00
   4.7747748e-01   6.5979025e+00
   4.7847848e-01   6.5923300e+00
   4.7947948e-01   6.5867515e+00
   4.8048048e-01   6.5811671e+00
   4.8148148e-01   6.5755766e+00
   4.8248248e-01   6.5699801e+00
   4.8348348e-01   6.5643775e+00
   4.8448448e-01   6.5587689e+00
   4.8548549e-01   6.5531543e+00
   4.8648649e-01   6.5475336e+00
   4.8748749e-01   6.5419068e+00
   4.8848849e-01   6.5362739e+00
   4.8948949e-01   6.5306350e+00
   4.9049049e-01   6.5249899e+00
   4.9149149e-01   6.5193387e+00
   4.9249249e-01   6.5136813e+00
   4.9349349e-01   6.5080178e+00
   4.9449449e-01   6.5023482e+00
   4.9549550e-01   6.4966723e+00
   4.9649650e-01   6.4909903e+00
   4.9749750e-01   6.4853021e+00
   4.9849850e-01   6.4796077e+00
   4.9949950e-01   6.4739071e+00
   5.0050050e-01   6.4682002e+00
   5.0150150e-01   6.4624871e+00
   5.0250250e-01   6.4567677e+00
   5.0350350e-01   6.4510420e+00
   5.0450450e-01   6.4453101e+00
   5.0550551e-01   6.4395718e+00
   5.0650651e-01   6.4338273e+00
   5.0750751e-01   6.4280764e+00
   5.0850851e-01   6.4223192e+00
   5.0950951e-01   6.4165557e+00
   5.1051051e-01   6.4107858e+00
   5.1151151e-01   6.4050095e+00
   5.1251251e-01   6.3992268e+00
   5.1351351e-01   6.3934377e+00
   5.1451451e-01   6.3876422e+00
   5.1551552e-01   6.3818403e+00
   5.1651652e-01   6.3760319e+00
   5.1751752e-01   6.3702171e+00
   5.1851852e-01   6.3643958e+00
   5.1951952e-01   6.3585680e+00
   5.2052052e-01   6.3527337e+00
   5.2152152e-01   6.3468930e+00
   5.2252252e-01   6.3410457e+00
   5.2352352e-01   6.3351918e+00
   5.2452452e-01   6.3293314e+00
   5.2552553e-01   6.3234644e+00
   5.2652653e-01   6.3175909e+00
   5.2752753e-01   6.3117107e+00
   5.2852853e-01   6.3058240e+00
   5.2952953e-01   6.2999306e+00
   5.3053053e-01   6.2940306e+00
   5.3153153e-01   6.2881239e+00
   5.3253253e-01   6.2822105e+00
   5.3353353e-01   6.2762905e+00
   5.3453453e-01   6.2703638e+00
   5.3553554e-01   6.2644303e+00
   5.3653654e-01   6.2584901e+00
   5.3753754e-01   6.2525432e+00
   5.3853854e-01   6.2465895e+00
   5.3953954e-01   6.2406291e+00
   5.4054054e-01   6.2346618e+00
   5.4154154e-01   6.2286878e+00
   5.4254254e-01   6.2227069e+00
   5.4354354e-01   6.2167192e+00
   5.4454454e-01   6.2107246e+00
   5.4554555e-01   6.2047232e+00
   5.4654655e-01   6.1987148e+00
   5.4754755e-01   6.1926996e+00
   5.4854855e-01   6.1866775e+00
   5.4954955e-01   6.1806484e+00
   5.5055055e-01   6.1746124e+00
   5.5155155e-01   6.1685694e+00
   5.5255255e-01   6.1625194e+00
   5.5355355e-01   6.1564624e+00
   5.5455455e-01   6.1503984e+00
   5.5555556e-01   6.1443274e+00
   5.5655656e-01   6.1382493e+00
   5.5755756e-01   6.1321641e+00
   5.5855856e-01   6.1260719e+00
   5.5955956e-01   6.1199726e+00
   5.6056056e-01   6.1138661e+00
   5.6156156e-01   6.1077525e+00
   5.6256256e-01   6.1016318e+00
   5.6356356e-01   6.0955038e+00
   5.6456456e-01   6.0893687e+00
   5.6556557e-01   6.0832264e+00
   5.6656657e-01   6.0770768e+00
   5.6756757e-01   6.0709201e+00
   5.6856857e-01   6.0647560e+00
   5.6956957e-01   6.0585847e+00
   5.7057057e-01   6.0524060e+00
   5.7157157e-01   6.0462201e+00
   5.7257257e-01   6.0400268e+00
   5.7357357e-01   6.0338261e+00
   5.7457457e-01   6.0276181e+00
   5.7557558e-01   6.0214027e+00
   5.7657658e-01   6.0151799e+00
   5.7757758e-01   6.0089496e+00
   5.7857858e-01   6.0027119e+00
   5.7957958e-01   5.9964668e+00
   5.8058058e-01   5.9902141e+00
   5.8158158e-01   5.9839539e+00
   5.8258258e-01   5.9776862e+00
   5.8358358e-01   5.9714110e+00
   5.8458458e-01   5.9651281e+00
   5.8558559e-01   5.9588377e+00
   5.8658659e-01   5.9525397e+00
   5.8758759e-01   5.9462341e+00
   5.8858859e-01   5.9399207e+00
   5.8958959e-01   5.9335998e+00
   5.9059059e-01   5.9272711e+00
   5.9159159e-01   5.9209347e+00
   5.9259259e-01   5.9145906e+00
   5.9359359e-01   5.9082387e+00
   5.9459459e-01   5.9018791e+00
   5.9559560e-01   5.8955117e+00
   5.9659660e-01   5.8891364e+00
   5.9759760e-01   5.8827533e+00
   5.9859860e-01   5.8763623e+00
   5.9959960e-01   5.8699635e+00
   6.0060060e-01   5.8635567e+00
   6.0160160e-01   5.8571420e+00
   6.0260260e-01   5.8507194e+00
   6.0360360e-01   5.8442887e+00
   6.0460460e-01   5.8378501e+00
   6.0560561e-01   5.8314035e+00
   6.0660661e-01   5.8249488e+00
   6.0760761e-01   5.8184861e+00
   6.0860861e-01   5.8120152e+00
   6.0960961e-01   5.8055363e+00
   6.1061061e-01   5.7990492e+00
   6.1161161e-01   5.7925539e+00
   6.1261261e-01   5.7860505e+00
   6.1361361e-01   5.7795389e+00
   6.1461461e-01   5.7730190e+00
   6.1561562e-01   5.7664909e+00
   6.1661662e-01   5.7599544e+00
   6.1761762e-01   5.7534097e+00
   6.1861862e-01   5.7468567e+00
   6.1961962e-01   5.7402952e+00
   6.2062062e-01   5.7337254e+00
   6.2162162e-01   5.7271472e+00
   6.2262262e-01   5.7205606e+00
   6.2362362e-01   5.7139655e+00
   6.2462462e-01   5.7073619e+00
   6.2562563e-01   5.7007498e+00
   6.2662663e-01   5.6941292e+00
   6.2762763e-01   5.6875000e+00
   6.2862863e-01   5.6808622e+00
   6.2962963e-01   5.6742159e+00
   6.3063063e-01   5.6675608e+00
   6.3163163e-01   5.6608971e+00
   6.3263263e-01   5.6542247e+00
   6.3363363e-01   5.6475435e+00
   6.3463463e-01   5.6408537e+00
   6.3563564e-01   5.6341550e+00
   6.3663664e-01   5.6274475e+00
   6.3763764e-01   5.6207312e+00
   6.3863864e-01   5.6140060e+00
   6.3963964e-01   5.6072719e+00
   6.4064064e-01   5.6005289e+00
   6.4164164e-01   5.5937769e+00
   6.4264264e-01   5.5870160e+00
   6.4364364e-01   5.5802460e+00
   6.4464464e-01   5.5734670e+00
   6.4564565e-01   5.5666790e+00
   6.4664665e-01   5.5598818e+00
   6.4764765e-01   5.5530755e+00
   6.4864865e-01   5.5462600e+00
   6.4964965e-01   5.5394353e+00
   6.5065065e-01   5.5326015e+00
   6.5165165e-01   5.5257583e+00
   6.5265265e-01   5.5189059e+00
   6.5365365e-01   5.5120441e+00
   6.5465465e-01   5.5051730e+00
   6.5565566e-01   5.4982925e+00
   6.5665666e-01   5.4914026e+00
   6.5765766e-01   5.4845033e+00
   6.5865866e-01   5.4775945e+00
   6.5965966e-01   5.4706761e+00
   6.6066066e-01   5.4637482e+00
   6.6166166e-01   5.4568107e+00
   6.6266266e-01   5.4498637e+00
   6.6366366e-01   5.4429069e+00
   6.6466466e-01   5.4359405e+00
   6.6566567e-01   5.4289644e+00
   6.6666667e-01   5.4219785e+00
   6.6766767e-01   5.4149828e+00
   6.6866867e-01   5.4079773e+00
   6.6966967e-01   5.4009619e+00
   6.7067067e-01   5.3939366e+00
   6.7167167e-01   5.3869014e+00
   6.7267267e-01   5.3798563e+00
   6.7367367e-01   5.3728011e+00
   6.7467467e-01   5.3657359e+00
   6.7567568e-01   5.3586606e+00
   6.7667668e-01   5.3515752e+00
   6.7767768e-01   5.3444796e+00
   6.7867868e-01   5.3373739e+00
   6.7967968e-01   5.3302579e+00
   6.8068068e-01   5.3231316e+00
   6.8168168e-01   5.3159951e+00
   6.8268268e-01   5.3088482e+00
   6.8368368e-01   5.3016909e+00
   6.8468468e-01   5.2945231e+00
   6.8568569e-01   5.2873449e+00
   6.8668669e-01   5.2801562e+00
   6.8768769e-01   5.2729570e+00
   6.8868869e-01   5.2657471e+00
   6.8968969e-01   5.2585266e+00
   6.9069069e-01   5.2512955e+00
   6.9169169e-01   5.2440536e+00
   6.9269269e-01   5.2368009e+00
   6.9369369e-01   5.2295375e+00
   6.9469469e-01   5.2222632e+00
   6.9569570e-01   5.2149780e+00
   6.9669670e-01   5.2076819e+00
   6.9769770e-01   5.2003748e+00
   6.9869870e-01   5.1930567e+00
   6.9969970e-01   5.1857275e+00
   7.0070070e-01   5.1783872e+00
   7.0170170e-01   5.1710357e+00
   7.0270270e-01   5.1636730e+00
   7.0370370e-01   5.1562991e+00
   7.0470470e-01   5.1489139e+00
   7.0570571e-01   5.1415173e+00
   7.0670671e-01   5.1341093e+00
   7.0770771e-01   5.1266899e+00
   7.0870871e-01   5.1192590e+00
   7.0970971e-01   5.1118165e+00
   7.1071071e-01   5.1043625e+00
   7.1171171e-01   5.0968968e+00
   7.1271271e-01   5.0894194e+00
   7.1371371e-01   5.0819302e+00
   7.1471471e-01   5.0744293e+00
   7.1571572e-01   5.0669165e+00
   7.1671672e-01   5.0593919e+00
   7.1771772e-01   5.0518553e+00
   7.1871872e-01   5.0443066e+00
   7.1971972e-01   5.0367459e+00
   7.2072072e-01   5.0291731e+00
   7.2172172e-01   5.0215882e+00
   7.2272272e-01   5.0139910e+00
   7.2372372e-01   5.0063815e+00
   7.2472472e-01   4.9987597e+00
   7.2572573e-01   4.9911255e+00
   7.2672673e-01   4.9834789e+00
   7.2772773e-01   4.9758198e+00
   7.2872873e-01   4.9681481e+00
   7.2972973e-01   4.9604637e+00
   7.3073073e-01   4.9527667e+00
   7.3173173e-01   4.9450570e+00
   7.3273273e-01   4.9373345e+00
   7.3373373e-01   4.9295990e+00
   7.3473473e-01   4.9218507e+00
   7.3573574e-01   4.9140894e+00
   7.3673674e-01   4.9063150e+00
   7.3773774e-01   4.8985276e+00
   7.3873874e-01   4.8907269e+00
   7.3973974e-01   4.8829130e+00
   7.4074074e-01   4.8750858e+00
   7.4174174e-01   4.8672453e+00
   7.4274274e-01   4.8593913e+00
   7.4374374e-01   4.8515238e+00
   7.4474474e-01   4.8436427e+00
   7.4574575e-01   4.8357480e+00
   7.4674675e-01   4.8278396e+00
   7.4774775e-01   4.8199174e+00
   7.4874875e-01   4.8119814e+00
   7.4974975e-01   4.8040315e+00
   7.5075075e-01   4.7960675e+00
   7.5175175e-01   4.7880895e+00
   7.5275275e-01   4.7800974e+00
   7.5375375e-01   4.7720910e+00
   7.5475475e-01   4.7640704e+00
   7.5575576e-01   4.7560354e+00
   7.5675676e-01   4.7479860e+00
   7.5775776e-01   4.7399221e+00
   7.5875876e-01   4.7318436e+00
   7.5975976e-01   4.7237504e+00
   7.6076076e-01   4.7156425e+00
   7.6176176e-01   4.7075197e+00
   7.6276276e-01   4.6993821e+00
   7.6376376e-01   4.6912294e+00
   7.6476476e-01   4.6830617e+00
   7.6576577e-01   4.6748789e+00
   7.6676677e-01   4.6666807e+00
   7.6776777e-01   4.6584673e+00
   7.6876877e-01   4.6502385e+00
   7.6976977e-01   4.6419941e+00
   7.7077077e-01   4.6337342e+00
   7.7177177e-01   4.6254586e+00
   7.7277277e-01   4.6171673e+00
   7.7377377e-01   4.6088601e+00
   7.7477477e-01   4.6005369e+00
   7.7577578e-01   4.5921977e+00
   7.7677678e-01   4.5838424e+00
   7.7777778e-01   4.5754708e+00
   7.7877878e-01   4.5670830e+00
   7.7977978e-01   4.5586787e+00
   7.8078078e-01   4.5502578e+00
   7.8178178e-01   4.5418204e+00
   7.8278278e-01   4.5333663e+00
   7.8378378e-01   4.5248953e+00
   7.8478478e-01   4.5164074e+00
   7.8578579e-01   4.5079025e+00
   7.8678679e-01   4.4993804e+00
   7.8778779e-01   4.4908411e+00
   7.8878879e-01   4.4822845e+00
   7.8978979e-01   4.4737104e+00
   7.9079079e-01   4.4651188e+00
   7.9179179e-01   4.4565094e+00
   7.9279279e-01   4.4478823e+00
   7.9379379e-01   4.4392373e+00
   7.9479479e-01   4.4305743e+00
   7.9579580e-01   4.4218931e+00
   7.9679680e-01   4.4131937e+00
   7.9779780e-01   4.4044759e+00
   7.9879880e-01   4.3957396e+00
   7.9979980e-01   4.3869847e+00
   8.0080080e-01   4.3782110e+00
   8.0180180e-01   4.3694185e+00
   8.0280280e-01   4.3606070e+00
   8.0380380e-01   4.3517764e+00
   8.0480480e-01   4.3429265e+00
   8.0580581e-01   4.3340573e+00
   8.0680681e-01   4.3251685e+00
   8.0780781e-01   4.3162600e+00
   8.0880881e-01   4.3073318e+00
   8.0980981e-01   4.2983837e+00
   8.1081081e-01   4.2894154e+00
   8.1181181e-01   4.2804270e+00
   8.1281281e-01   4.2714182e+00
   8.1381381e-01   4.2623889e+00
   8.1481481e-01   4.2533389e+00
   8.1581582e-01   4.2442682e+00
   8.1681682e-01   4.2351764e+00
   8.1781782e-01   4.2260636e+00
   8.1881882e-01   4.2169295e+00
   8.1981982e-01   4.2077740e+00
   8.2082082e-01   4.1985969e+00
   8.2182182e-01   4.1893980e+00
   8.2282282e-01   4.1801772e+00
   8.2382382e-01   4.1709344e+00
   8.2482482e-01   4.1616692e+00
   8.2582583e-01   4.1523817e+00
   8.2682683e-01   4.1430716e+00
   8.2782783e-01   4.1337386e+00
   8.2882883e-01   4.1243827e+00
   8.2982983e-01   4.1150037e+00
   8.3083083e-01   4.1056014e+00
   8.3183183e-01   4.0961755e+00
   8.3283283e-01   4.0867259e+00
   8.3383383e-01   4.0772524e+00
   8.3483483e-01   4.0677549e+00
   8.3583584e-01   4.0582330e+00
   8.3683684e-01   4.0486866e+00
   8.3783784e-01   4.0391155e+00
   8.3883884e-01   4.0295196e+00
   8.3983984e-01   4.0198984e+00
   8.4084084e-01   4.0102520e+00
   8.4184184e-01   4.0005800e+00
   8.4284284e-01   3.9908822e+00
   8.4384384e-01   3.9811584e+00
   8.4484484e-01   3.9714084e+00
   8.4584585e-01   3.9616319e+00
   8.4684685e-01   3.9518287e+00
   8.4784785e-01   3.9419985e+00
   8.4884885e-01   3.9321412e+00
   8.4984985e-01   3.9222564e+00
   8.5085085e-01   3.9123439e+00
   8.5185185e-01   3.9024035e+00
   8.5285285e-01   3.8924349e+00
   8.5385385e-01   3.8824378e+00
   8.5485485e-01   3.8724120e+00
   8.5585586e-01   3.8623572e+00
   8.5685686e-01   3.8522730e+00
   8.5785786e-01   3.8421593e+00
   8.5885886e-01   3.8320157e+00
   8.5985986e-01   3.8218419e+00
   8.6086086e-01   3.8116377e+00
   8.6186186e-01   3.8014028e+00
   8.6286286e-01   3.7911367e+00
   8.6386386e-01   3.7808393e+00
   8.6486486e-01   3.7705101e+00
   8.6586587e-01   3.7601489e+00
   8.6686687e-01   3.7497553e+00
   8.6786787e-01   3.7393291e+00
   8.6886887e-01   3.7288697e+00
   8.6986987e-01   3.7183770e+00
   8.7087087e-01   3.7078504e+00
   8.7187187e-01   3.6972898e+00
   8.7287287e-01   3.6866946e+00
   8.7387387e-01   3.6760646e+00
   8.7487487e-01   3.6653992e+00
   8.7587588e-01   3.6546982e+00
   8.7687688e-01   3.6439611e+00
   8.7787788e-01   3.6331876e+00
   8.7887888e-01   3.6223771e+00
   8.7987988e-01   3.6115293e+00
   8.8088088e-01   3.6006437e+00
   8.8188188e-01   3.5897199e+00
   8.8288288e-01   3.5787574e+00
   8.8388388e-01   3.5677558e+00
   8.8488488e-01   3.5567145e+00
   8.8588589e-01   3.5456332e+00
   8.8688689e-01   3.5345112e+00
   8.8788789e-01   3.5233482e+00
   8.8888889e-01   3.5121435e+00
   8.8988989e-01   3.5008966e+00
   8.9089089e-01   3.4896071e+00
   8.9189189e-01   3.4782743e+00
   8.9289289e-01   3.4668977e+00
   8.9389389e-01   3.4554767e+00
   8.9489489e-01   3.4440107e+00
   8.9589590e-01   3.4324991e+00
   8.9689690e-01   3.4209412e+00
   8.9789790e-01   3.4093365e+00
   8.9889890e-01   3.3976843e+00
   8.9989990e-01   3.3859839e+00
   9.0090090e-01   3.3742346e+00
   9.0190190e-01   3.3624357e+00
   9.0290290e-01   3.3505866e+00
   9.0390390e-01   3.3386864e+00
   9.0490490e-01   3.3267344e+00
   9.0590591e-01   3.3147298e+00
   9.0690691e-01   3.3026719e+00
   9.0790791e-01   3.2905597e+00
   9.0890891e-01   3.2783926e+00
   9.0990991e-01   3.2661695e+00
   9.1091091e-01   3.2538896e+00
   9.1191191e-01   3.2415521e+00
   9.1291291e-01   3.2291559e+00
   9.1391391e-01   3.2167000e+00
   9.1491491e-01   3.2041836e+00
   9.1591592e-01   3.1916055e+00
   9.1691692e-01   3.1789648e+00
   9.1791792e-01   3.1662602e+00
   9.1891892e-01   3.1534908e+00
   9.1991992e-01   3.1406553e+00
   9.2092092e-01   3.1277526e+00
   9.2192192e-01   3.1147814e+00
   9.2292292e-01   3.1017405e+00
   9.2392392e-01   3.0886286e+00
   9.2492492e-01   3.0754442e+00
   9.2592593e-01   3.0621861e+00
   9.2692693e-01   3.0488528e+00
   9.2792793e-01   3.0354427e+00
   9.2892893e-01   3.0219544e+00
   9.2992993e-01   3.0083862e+00
   9.3093093e-01   2.9947365e+00
   9.3193193e-01   2.9810036e+00
   9.3293293e-01   2.9671856e+00
   9.3393393e-01   2.9532809e+00
   9.3493493e-01   2.9392873e+00
   9.3593594e-01   2.9252031e+00
   9.3693694e-01   2.9110260e+00
   9.3793794e-01   2.8967540e+00
   9.3893894e-01   2.8823848e+00
   9.3993994e-01   2.8679161e+00
   9.4094094e-01   2.8533454e+00
   9.4194194e-01   2.8386703e+00
   9.4294294e-01   2.8238882e+00
   9.4394394e-01   2.8089962e+00
   9.4494494e-01   2.7939915e+00
   9.4594595e-01   2.7788712e+00
   9.4694695e-01   2.7636320e+00
   9.4794795e-01   2.7482707e+00
   9.4894895e-01   2.7327838e+00
   9.4994995e-01   2.7171678e+00
   9.5095095e-01   2.7014188e+00
   9.5195195e-01   2.6855329e+00
   9.5295295e-01   2.6695058e+00
   9.5395395e-01   2.6533332e+00
   9.5495495e-01   2.6370104e+00
   9.5595596e-01   2.6205324e+00
   9.5695696e-01   2.6038942e+00
   9.5795796e-01   2.5870901e+00
   9.5895896e-01   2.5701143e+00
   9.5995996e-01   2.5529607e+00
   9.6096096e-01   2.5356227e+00
   9.6196196e-01   2.5180933e+00
   9.6296296e-01   2.5003651e+00
   9.6396396e-01   2.4824300e+00
   9.6496496e-01   2.4642796e+00
   9.6596597e-01   2.4459048e+00
   9.6696697e-01   2.4272957e+00
   9.6796797e-01   2.4084418e+00
   9.6896897e-01   2.3893317e+00
   9.6996997e-01   2.3699532e+00
   9.7097097e-01   2.3502928e+00
   9.7197197e-01   2.3303362e+00
   9.7297297e-01   2.3100676e+00
   9.7397397e-01   2.2894696e+00
   9.7497497e-01   2.2685234e+00
   9.7597598e-01   2.2472081e+00
   9.7697698e-01   2.2255007e+00
   9.7797798e-01   2.2033757e+00
   9.7897898e-01   2.1808046e+00
   9.7997998e-01   2.1577554e+00
   9.8098098e-01   2.1341922e+00
   9.8198198e-01   2.1100743e+00
   9.8298298e-01   2.0853552e+00
   9.8398398e-01   2.0599815e+00
   9.8498498e-01   2.0338913e+00
   9.8598599e-01   2.0070124e+00
   9.8698699e-01   1.9792591e+00
   9.8798799e-01   1.9505291e+00
   9.8898899e-01   1.9206984e+00
   9.8998999e-01   1.8896138e+00
   9.9099099e-01   1.8570831e+00
   9.9199199e-01   1.8228585e+00
   9.9299299e-01   1.7866123e+00
   9.9399399e-01   1.7478943e+00
   9.9499499e-01   1.7060563e+00
   9.9599600e-01   1.6601043e+00
   9.9699700e-01   1.6083647e+00
   9.9799800e-01   1.5475759e+00
   9.9899900e-01   1.4693190e+00
   1.0000000e+00   1.2850000e+00
