   0.0000000e+00   1.6676985e-01
   1.0010010e-03   1.6676985e-01
   2.0020020e-03   1.6676985e-01
   3.0030030e-03   1.6676985e-01
   4.0040040e-03   1.6676985e-01
   5.0050050e-03   1.6676985e-01
   6.0060060e-03   1.6676985e-01
   7.0070070e-03   1.6676985e-01
   8.0080080e-03   1.6676985e-01
   9.0090090e-03   1.6676985e-01
   1.0010010e-02   1.6676985e-01
   1.1011011e-02   1.6676985e-01
   1.2012012e-02   1.6676985e-01
   1.3013013e-02   1.6676985e-01
   1.4014014e-02   1.6676985e-01
   1.5015015e-02   1.6676985e-01
   1.6016016e-02   1.6676985e-01
   1.7017017e-02   1.6676985e-01
   1.8018018e-02   1.6676985e-01
   1.9019019e-02   1.6676985e-01
   2.0020020e-02   1.6676985e-01
   2.1021021e-02   1.6676985e-01
   2.2022022e-02   1.6676985e-01
   2.3023023e-02   1.6676985e-01
   2.4024024e-02   1.6676985e-01
   2.5025025e-02   1.6676985e-01
   2.6026026e-02   1.6676985e-01
   2.7027027e-02   1.6676985e-01
   2.8028028e-02   1.6676985e-01
   2.9029029e-02   1.6676985e-01
   3.0030030e-02   1.6676985e-01
   3.1031031e-02   1.6676985e-01
   3.2032032e-02   1.6676985e-01
   3.3033033e-02   1.6676985e-01
   3.4034034e-02   1.6676985e-01
   3.5035035e-02   1.6676985e-01
   3.6036036e-02   1.6676985e-01
   3.7037037e-02   1.6676985e-01
   3.8038038e-02   1.6676985e-01
   3.9039039e-02   1.6676985e-01
   4.0040040e-02   1.6676985e-01
   4.1041041e-02   1.6676985e-01
   4.2042042e-02   1.6676985e-01
   4.3043043e-02   1.6676985e-01
   4.4044044e-02   1.6676985e-01
   4.5045045e-02   1.6676985e-01
   4.6046046e-02   1.6676985e-01
   4.7047047e-02   1.6676985e-01
   4.8048048e-02   1.6676985e-01
   4.9049049e-02   1.6676985e-01
   5.0050050e-02   1.6676985e-01
   5.1051051e-02   1.6676985e-01
   5.2052052e-02   1.6676985e-01
   5.3053053e-02   1.6676985e-01
   5.4054054e-02   1.6676985e-01
   5.5055055e-02   1.6676985e-01
   5.6056056e-02   1.6676985e-01
   5.7057057e-02   1.6676985e-01
   5.8058058e-02   1.6676985e-01
   5.9059059e-02   1.6676985e-01
   6.0060060e-02   1.6676985e-01
   6.1061061e-02   1.6676985e-01
   6.2062062e-02   1.6676985e-01
   6.3063063e-02   1.6676985e-01
   6.4064064e-02   1.6676985e-01
   6.5065065e-02   1.6676985e-01
   6.6066066e-02   1.6676985e-01
   6.7067067e-02   1.6676985e-01
   6.8068068e-02   1.6676985e-01
   6.9069069e-02   1.6676985e-01
   7.0070070e-02   1.6676985e-01
   7.1071071e-02   1.6676985e-01
   7.2072072e-02   1.6676985e-01
   7.3073073e-02   1.6676985e-01
   7.4074074e-02   1.6676985e-01
   7.5075075e-02   1.6676985e-01
   7.6076076e-02   1.6676985e-01
   7.7077077e-02   1.6676985e-01
   7.8078078e-02   1.6676985e-01
   7.9079079e-02   1.6676985e-01
   8.0080080e-02   1.6676985e-01
   8.1081081e-02   1.6676985e-01
   8.2082082e-02   1.6676985e-01
   8.3083083e-02   1.6676985e-01
   8.4084084e-02   1.6676985e-01
   8.5085085e-02   1.6676985e-01
   8.6086086e-02   1.6676985e-01
   8.7087087e-02   1.6676985e-01
   8.8088088e-02   1.6676985e-01
   8.9089089e-02   1.6676985e-01
   9.0090090e-02   1.6676985e-01
   9.1091091e-02   1.6676985e-01
   9.2092092e-02   1.6676985e-01
   9.3093093e-02   1.6676985e-01
   9.4094094e-02   1.6676985e-01
   9.5095095e-02   1.6676985e-01
   9.6096096e-02   1.6676985e-01
   9.7097097e-02   1.6676985e-01
   9.8098098e-02   1.6676985e-01
   9.9099099e-02   1.6676985e-01
   1.0010010e-01   1.6676985e-01
   1.0110110e-01   1.6676985e-01
   1.0210210e-01   1.6676985e-01
   1.0310310e-01   1.6676985e-01
   1.0410410e-01   1.6676985e-01
   1.0510511e-01   1.6676985e-01
   1.0610611e-01   1.6676985e-01
   1.0710711e-01   1.6676985e-01
   1.0810811e-01   1.6676985e-01
   1.0910911e-01   1.6676985e-01
   1.1011011e-01   1.6676985e-01
   1.1111111e-01   1.6676985e-01
   1.1211211e-01   1.6676985e-01
   1.1311311e-01   1.6676985e-01
   1.1411411e-01   1.6676985e-01
   1.1511512e-01   1.6676985e-01
   1.1611612e-01   1.6676985e-01
   1.1711712e-01   1.6676985e-01
   1.1811812e-01   1.6676985e-01
   1.1911912e-01   1.6676985e-01
   1.2012012e-01   1.6676985e-01
   1.2112112e-01   1.6676985e-01
   1.2212212e-01   1.6676985e-01
   1.2312312e-01   1.6676985e-01
   1.2412412e-01   1.6676985e-01
   1.2512513e-01   1.6676985e-01
   1.2612613e-01   1.6676985e-01
   1.2712713e-01   1.6676985e-01
   1.2812813e-01   1.6676985e-01
   1.2912913e-01   1.6676985e-01
   1.3013013e-01   1.6676985e-01
   1.3113113e-01   1.6676985e-01
   1.3213213e-01   1.6676985e-01
   1.3313313e-01   1.6676985e-01
   1.3413413e-01   1.6676985e-01
   1.3513514e-01   1.6676985e-01
   1.3613614e-01   1.6676985e-01
   1.3713714e-01   1.6676985e-01
   1.3813814e-01   1.6676985e-01
   1.3913914e-01   1.6676985e-01
   1.4014014e-01   1.6676985e-01
   1.4114114e-01   1.6676985e-01
   1.4214214e-01   1.6676985e-01
   1.4314314e-01   1.6676985e-01
   1.4414414e-01   1.6676985e-01
   1.4514515e-01   1.6676985e-01
   1.4614615e-01   1.6676985e-01
   1.4714715e-01   1.6676985e-01
   1.4814815e-01   1.6676985e-01
   1.4914915e-01   1.6676985e-01
   1.5015015e-01   1.6676985e-01
   1.5115115e-01   1.6676985e-01
   1.5215215e-01   1.6676985e-01
   1.5315315e-01   1.6676985e-01
   1.5415415e-01   1.6676985e-01
   1.5515516e-01   1.6676985e-01
   1.5615616e-01   1.6676985e-01
   1.5715716e-01   1.6676985e-01
   1.5815816e-01   1.6676985e-01
   1.5915916e-01   1.6676985e-01
   1.6016016e-01   1.6676985e-01
   1.6116116e-01   1.6676985e-01
   1.6216216e-01   1.6676985e-01
   1.6316316e-01   1.6676985e-01
   1.6416416e-01   1.6676985e-01
   1.6516517e-01   1.6676985e-01
   1.6616617e-01   1.6676985e-01
   1.6716717e-01   1.6676985e-01
   1.6816817e-01   1.6676985e-01
   1.6916917e-01   1.6676985e-01
   1.7017017e-01   1.6676985e-01
   1.7117117e-01   1.6676985e-01
   1.7217217e-01   1.6676985e-01
   1.7317317e-01   1.6676985e-01
   1.7417417e-01   1.6676985e-01
   1.7517518e-01   1.6676985e-01
   1.7617618e-01   1.6676985e-01
   1.7717718e-01   1.6676985e-01
   1.7817818e-01   1.6676985e-01
   1.7917918e-01   1.6676985e-01
   1.8018018e-01   1.6676985e-01
   1.8118118e-01   1.6676985e-01
   1.8218218e-01   1.6676985e-01
   1.8318318e-01   1.6676985e-01
   1.8418418e-01   1.6676985e-01
   1.8518519e-01   1.6676985e-01
   1.8618619e-01   1.6676985e-01
   1.8718719e-01   1.6676985e-01
   1.8818819e-01   1.6676985e-01
   1.8918919e-01   1.6676985e-01
   1.9019019e-01   1.6676985e-01
   1.9119119e-01   1.6676985e-01
   1.9219219e-01   1.6676985e-01
   1.9319319e-01   1.6676985e-01
   1.9419419e-01   1.6676985e-01
   1.9519520e-01   1.6676985e-01
   1.9619620e-01   1.6676985e-01
   1.9719720e-01   1.6676985e-01
   1.9819820e-01   1.6676985e-01
   1.9919920e-01   1.6676985e-01
   2.0020020e-01   1.6676985e-01
   2.0120120e-01   1.6676985e-01
   2.0220220e-01   1.6676985e-01
   2.0320320e-01   1.6676985e-01
   2.0420420e-01   1.6676985e-01
   2.0520521e-01   1.6676985e-01
   2.0620621e-01   1.6676985e-01
   2.0720721e-01   1.6676985e-01
   2.0820821e-01   1.6676985e-01
   2.0920921e-01   1.6676985e-01
   2.1021021e-01   1.6676985e-01
   2.1121121e-01   1.6676985e-01
   2.1221221e-01   1.6676985e-01
   2.1321321e-01   1.6676985e-01
   2.1421421e-01   1.6676985e-01
   2.1521522e-01   1.6676985e-01
   2.1621622e-01   1.6676985e-01
   2.1721722e-01   1.6676985e-01
   2.1821822e-01   1.6676985e-01
   2.1921922e-01   1.6676985e-01
   2.2022022e-01   1.6676985e-01
   2.2122122e-01   1.6676985e-01
   2.2222222e-01   1.6676985e-01
   2.2322322e-01   1.6676985e-01
   2.2422422e-01   1.6676985e-01
   2.2522523e-01   1.6676985e-01
   2.2622623e-01   1.6676985e-01
   2.2722723e-01   1.6676985e-01
   2.2822823e-01   1.6676985e-01
   2.2922923e-01   1.6676985e-01
   2.3023023e-01   1.6676985e-01
   2.3123123e-01   1.6676985e-01
   2.3223223e-01   1.6676985e-01
   2.3323323e-01   1.6676985e-01
   2.3423423e-01   1.6676985e-01
   2.3523524e-01   1.6676985e-01
   2.3623624e-01   1.6676985e-01
   2.3723724e-01   1.6676985e-01
   2.3823824e-01   1.6676985e-01
   2.3923924e-01   1.6676985e-01
   2.4024024e-01   1.6676985e-01
   2.4124124e-01   1.6676985e-01
   2.4224224e-01   1.6676985e-01
   2.4324324e-01   1.6676985e-01
   2.4424424e-01   1.6676985e-01
   2.4524525e-01   1.6676985e-01
   2.4624625e-01   1.6676985e-01
   2.4724725e-01   1.6676985e-01
   2.4824825e-01   1.6676985e-01
   2.4924925e-01   1.6676985e-01
   2.5025025e-01   1.6676985e-01
   2.5125125e-01   1.6676985e-01
   2.5225225e-01   1.6676985e-01
   2.5325325e-01   1.6676985e-01
   2.5425425e-01   1.6676985e-01
   2.5525526e-01   1.6676985e-01
   2.5625626e-01   1.6676985e-01
   2.5725726e-01   1.6676985e-01
   2.5825826e-01   1.6676985e-01
   2.5925926e-01   1.6676985e-01
   2.6026026e-01   1.6676985e-01
   2.6126126e-01   1.6676985e-01
   2.6226226e-01   1.6676985e-01
   2.6326326e-01   1.6676985e-01
   2.6426426e-01   1.6676985e-01
   2.6526527e-01   1.6676985e-01
   2.6626627e-01   1.6676985e-01
   2.6726727e-01   1.6676985e-01
   2.6826827e-01   1.6676985e-01
   2.6926927e-01   1.6676985e-01
   2.7027027e-01   1.6676985e-01
   2.7127127e-01   1.6676985e-01
   2.7227227e-01   1.6676985e-01
   2.7327327e-01   1.6676985e-01
   2.7427427e-01   1.6676985e-01
   2.7527528e-01   1.6676985e-01
   2.7627628e-01   1.6676985e-01
   2.7727728e-01   1.6676985e-01
   2.7827828e-01   1.6676985e-01
   2.7927928e-01   1.6676985e-01
   2.8028028e-01   1.6676985e-01
   2.8128128e-01   1.6676985e-01
   2.8228228e-01   1.6676985e-01
   2.8328328e-01   1.6676985e-01
   2.8428428e-01   1.6676985e-01
   2.8528529e-01   1.6676985e-01
   2.8628629e-01   1.6676985e-01
   2.8728729e-01   1.6676985e-01
   2.8828829e-01   1.6676985e-01
   2.8928929e-01   1.6676985e-01
   2.9029029e-01   1.6676985e-01
   2.9129129e-01   1.6676985e-01
   2.9229229e-01   1.6676985e-01
   2.9329329e-01   1.6676985e-01
   2.9429429e-01   1.6676985e-01
   2.9529530e-01   1.6676985e-01
   2.9629630e-01   1.6676985e-01
   2.9729730e-01   1.6676985e-01
   2.9829830e-01   1.6676985e-01
   2.9929930e-01   1.6676985e-01
   3.0030030e-01   1.6676985e-01
   3.0130130e-01   1.6676985e-01
   3.0230230e-01   1.6676985e-01
   3.0330330e-01   1.6676985e-01
   3.0430430e-01   1.6676985e-01
   3.0530531e-01   1.6676985e-01
   3.0630631e-01   1.6676985e-01
   3.0730731e-01   1.6676985e-01
   3.0830831e-01   1.6676985e-01
   3.0930931e-01   1.6676985e-01
   3.1031031e-01   1.6676985e-01
   3.1131131e-01   1.6676985e-01
   3.1231231e-01   1.6672433e-01
   3.1331331e-01   1.6638410e-01
   3.1431431e-01   1.6604388e-01
   3.1531532e-01   1.6570367e-01
   3.1631632e-01   1.6536348e-01
   3.1731732e-01   1.6502330e-01
   3.1831832e-01   1.6468312e-01
   3.1931932e-01   1.6434297e-01
   3.2032032e-01   1.6400282e-01
   3.2132132e-01   1.6366268e-01
   3.2232232e-01   1.6332256e-01
   3.2332332e-01   1.6298245e-01
   3.2432432e-01   1.6264235e-01
   3.2532533e-01   1.6230226e-01
   3.2632633e-01   1.6196218e-01
   3.2732733e-01   1.6162212e-01
   3.2832833e-01   1.6128206e-01
   3.2932933e-01   1.6094202e-01
   3.3033033e-01   1.6060199e-01
   3.3133133e-01   1.6026197e-01
   3.3233233e-01   1.5992197e-01
   3.3333333e-01   1.5958197e-01
   3.3433433e-01   1.5924199e-01
   3.3533534e-01   1.5890202e-01
   3.3633634e-01   1.5856206e-01
   3.3733734e-01   1.5822212e-01
   3.3833834e-01   1.5788218e-01
   3.3933934e-01   1.5754226e-01
   3.4034034e-01   1.5720235e-01
   3.4134134e-01   1.5686245e-01
   3.4234234e-01   1.5652256e-01
   3.4334334e-01   1.5618269e-01
   3.4434434e-01   1.5584282e-01
   3.4534535e-01   1.5550297e-01
   3.4634635e-01   1.5516313e-01
   3.4734735e-01   1.5482330e-01
   3.4834835e-01   1.5448349e-01
   3.4934935e-01   1.5414368e-01
   3.5035035e-01   1.5380389e-01
   3.5135135e-01   1.5346411e-01
   3.5235235e-01   1.5312434e-01
   3.5335335e-01   1.5278458e-01
   3.5435435e-01   1.5244484e-01
   3.5535536e-01   1.5210510e-01
   3.5635636e-01   1.5176538e-01
   3.5735736e-01   1.5142567e-01
   3.5835836e-01   1.5108597e-01
   3.5935936e-01   1.5074629e-01
   3.6036036e-01   1.5040661e-01
   3.6136136e-01   1.5006695e-01
   3.6236236e-01   1.4972730e-01
   3.6336336e-01   1.4938766e-01
   3.6436436e-01   1.4904803e-01
   3.6536537e-01   1.4870842e-01
   3.6636637e-01   1.4836881e-01
   3.6736737e-01   1.4802922e-01
   3.6836837e-01   1.4768964e-01
   3.6936937e-01   1.4735007e-01
   3.7037037e-01   1.4701052e-01
   3.7137137e-01   1.4667097e-01
   3.7237237e-01   1.4633144e-01
   3.7337337e-01   1.4599192e-01
   3.7437437e-01   1.4565241e-01
   3.7537538e-01   1.4531291e-01
   3.7637638e-01   1.4497343e-01
   3.7737738e-01   1.4463395e-01
   3.7837838e-01   1.4429449e-01
   3.7937938e-01   1.4395504e-01
   3.8038038e-01   1.4361560e-01
   3.8138138e-01   1.4327618e-01
   3.8238238e-01   1.4293676e-01
   3.8338338e-01   1.4259736e-01
   3.8438438e-01   1.4225797e-01
   3.8538539e-01   1.4191859e-01
   3.8638639e-01   1.4157923e-01
   3.8738739e-01   1.4123987e-01
   3.8838839e-01   1.4090053e-01
   3.8938939e-01   1.4056120e-01
   3.9039039e-01   1.4022188e-01
   3.9139139e-01   1.3988257e-01
   3.9239239e-01   1.3954327e-01
   3.9339339e-01   1.3920399e-01
   3.9439439e-01   1.3886472e-01
   3.9539540e-01   1.3852546e-01
   3.9639640e-01   1.3818621e-01
   3.9739740e-01   1.3784697e-01
   3.9839840e-01   1.3750775e-01
   3.9939940e-01   1.3716853e-01
   4.0040040e-01   1.3682933e-01
   4.0140140e-01   1.3649014e-01
   4.0240240e-01   1.3615096e-01
   4.0340340e-01   1.3581180e-01
   4.0440440e-01   1.3547264e-01
   4.0540541e-01   1.3513350e-01
   4.0640641e-01   1.3479437e-01
   4.0740741e-01   1.3445525e-01
   4.0840841e-01   1.3411615e-01
   4.0940941e-01   1.3377705e-01
   4.1041041e-01   1.3343797e-01
   4.1141141e-01   1.3309890e-01
   4.1241241e-01   1.3275984e-01
   4.1341341e-01   1.3242079e-01
   4.1441441e-01   1.3208175e-01
   4.1541542e-01   1.3174273e-01
   4.1641642e-01   1.3140372e-01
   4.1741742e-01   1.3106472e-01
   4.1841842e-01   1.3072573e-01
   4.1941942e-01   1.3038675e-01
   4.2042042e-01   1.3004779e-01
   4.2142142e-01   1.2970883e-01
   4.2242242e-01   1.2936989e-01
   4.2342342e-01   1.2903096e-01
   4.2442442e-01   1.2869205e-01
   4.2542543e-01   1.2835314e-01
   4.2642643e-01   1.2801425e-01
   4.2742743e-01   1.2767537e-01
   4.2842843e-01   1.2733650e-01
   4.2942943e-01   1.2699764e-01
   4.3043043e-01   1.2665879e-01
   4.3143143e-01   1.2631996e-01
   4.3243243e-01   1.2598113e-01
   4.3343343e-01   1.2564232e-01
   4.3443443e-01   1.2530352e-01
   4.3543544e-01   1.2496474e-01
   4.3643644e-01   1.2462596e-01
   4.3743744e-01   1.2428720e-01
   4.3843844e-01   1.2394844e-01
   4.3943944e-01   1.2360970e-01
   4.4044044e-01   1.2327098e-01
   4.4144144e-01   1.2293226e-01
   4.4244244e-01   1.2259356e-01
   4.4344344e-01   1.2225486e-01
   4.4444444e-01   1.2191618e-01
   4.4544545e-01   1.2157751e-01
   4.4644645e-01   1.2123886e-01
   4.4744745e-01   1.2090021e-01
   4.4844845e-01   1.2056158e-01
   4.4944945e-01   1.2022295e-01
   4.5045045e-01   1.1988434e-01
   4.5145145e-01   1.1954575e-01
   4.5245245e-01   1.1920716e-01
   4.5345345e-01   1.1886859e-01
   4.5445445e-01   1.1853002e-01
   4.5545546e-01   1.1819147e-01
   4.5645646e-01   1.1785293e-01
   4.5745746e-01   1.1751441e-01
   4.5845846e-01   1.1717589e-01
   4.5945946e-01   1.1683739e-01
   4.6046046e-01   1.1649890e-01
   4.6146146e-01   1.1616042e-01
   4.6246246e-01   1.1582195e-01
   4.6346346e-01   1.1548349e-01
   4.6446446e-01   1.1514505e-01
   4.6546547e-01   1.1480662e-01
   4.6646647e-01   1.1446820e-01
   4.6746747e-01   1.1412979e-01
   4.6846847e-01   1.1379139e-01
   4.6946947e-01   1.1345300e-01
   4.7047047e-01   1.1311463e-01
   4.7147147e-01   1.1277627e-01
   4.7247247e-01   1.1243792e-01
   4.7347347e-01   1.1209958e-01
   4.7447447e-01   1.1176126e-01
   4.7547548e-01   1.1142294e-01
   4.7647648e-01   1.1108464e-01
   4.7747748e-01   1.1074635e-01
   4.7847848e-01   1.1040807e-01
   4.7947948e-01   1.1006980e-01
   4.8048048e-01   1.0973155e-01
   4.8148148e-01   1.0939331e-01
   4.8248248e-01   1.0905507e-01
   4.8348348e-01   1.0871685e-01
   4.8448448e-01   1.0837865e-01
   4.8548549e-01   1.0804045e-01
   4.8648649e-01   1.0770227e-01
   4.8748749e-01   1.0736409e-01
   4.8848849e-01   1.0702593e-01
   4.8948949e-01   1.0668779e-01
   4.9049049e-01   1.0634965e-01
   4.9149149e-01   1.0601152e-01
   4.9249249e-01   1.0567341e-01
   4.9349349e-01   1.0533531e-01
   4.9449449e-01   1.0499722e-01
   4.9549550e-01   1.0465914e-01
   4.9649650e-01   1.0432108e-01
   4.9749750e-01   1.0398302e-01
   4.9849850e-01   1.0364498e-01
   4.9949950e-01   1.0330695e-01
   5.0050050e-01   1.0296893e-01
   5.0150150e-01   1.0263092e-01
   5.0250250e-01   1.0229293e-01
   5.0350350e-01   1.0195495e-01
   5.0450450e-01   1.0161698e-01
   5.0550551e-01   1.0127902e-01
   5.0650651e-01   1.0094107e-01
   5.0750751e-01   1.0060313e-01
   5.0850851e-01   1.0026521e-01
   5.0950951e-01   9.9927298e-02
   5.1051051e-01   9.9589398e-02
   5.1151151e-01   9.9251509e-02
   5.1251251e-01   9.8913633e-02
   5.1351351e-01   9.8575768e-02
   5.1451451e-01   9.8237915e-02
   5.1551552e-01   9.7900074e-02
   5.1651652e-01   9.7562245e-02
   5.1751752e-01   9.7224428e-02
   5.1851852e-01   9.6886622e-02
   5.1951952e-01   9.6548828e-02
   5.2052052e-01   9.6211047e-02
   5.2152152e-01   9.5873276e-02
   5.2252252e-01   9.5535518e-02
   5.2352352e-01   9.5197772e-02
   5.2452452e-01   9.4860037e-02
   5.2552553e-01   9.4522315e-02
   5.2652653e-01   9.4184604e-02
   5.2752753e-01   9.3846905e-02
   5.2852853e-01   9.3509217e-02
   5.2952953e-01   9.3171542e-02
   5.3053053e-01   9.2833878e-02
   5.3153153e-01   9.2496227e-02
   5.3253253e-01   9.2158587e-02
   5.3353353e-01   9.1820959e-02
   5.3453453e-01   9.1483342e-02
   5.3553554e-01   9.1145738e-02
   5.3653654e-01   9.0808145e-02
   5.3753754e-01   9.0470564e-02
   5.3853854e-01   9.0132995e-02
   5.3953954e-01   8.9795438e-02
   5.4054054e-01   8.9457893e-02
   5.4154154e-01   8.9120360e-02
   5.4254254e-01   8.8782838e-02
   5.4354354e-01   8.8445328e-02
   5.4454454e-01   8.8107830e-02
   5.4554555e-01   8.7770344e-02
   5.4654655e-01   8.7432870e-02
   5.4754755e-01   8.7095407e-02
   5.4854855e-01   8.6757956e-02
   5.4954955e-01   8.6420518e-02
   5.5055055e-01   8.6083091e-02
   5.5155155e-01   8.5745675e-02
   5.5255255e-01   8.5408272e-02
   5.5355355e-01   8.5070881e-02
   5.5455455e-01   8.4733501e-02
   5.5555556e-01   8.4396133e-02
   5.5655656e-01   8.4058777e-02
   5.5755756e-01   8.3721433e-02
   5.5855856e-01   8.3384100e-02
   5.5955956e-01   8.3046780e-02
   5.6056056e-01   8.2709471e-02
   5.6156156e-01   8.2372174e-02
   5.6256256e-01   8.2034889e-02
   5.6356356e-01   8.1697616e-02
   5.6456456e-01   8.1360354e-02
   5.6556557e-01   8.1023105e-02
   5.6656657e-01   8.0685867e-02
   5.6756757e-01   8.0348641e-02
   5.6856857e-01   8.0011427e-02
   5.6956957e-01   7.9674225e-02
   5.7057057e-01   7.9337034e-02
   5.7157157e-01   7.8999856e-02
   5.7257257e-01   7.8662689e-02
   5.7357357e-01   7.8325534e-02
   5.7457457e-01   7.7988391e-02
   5.7557558e-01   7.7651260e-02
   5.7657658e-01   7.7314140e-02
   5.7757758e-01   7.6977033e-02
   5.7857858e-01   7.6639937e-02
   5.7957958e-01   7.6302853e-02
   5.8058058e-01   7.5965781e-02
   5.8158158e-01   7.5628720e-02
   5.8258258e-01   7.5291672e-02
   5.8358358e-01   7.4954635e-02
   5.8458458e-01   7.4617610e-02
   5.8558559e-01   7.4280597e-02
   5.8658659e-01   7.3943596e-02
   5.8758759e-01   7.3606607e-02
   5.8858859e-01   7.3269629e-02
   5.8958959e-01   7.2932664e-02
   5.9059059e-01   7.2595710e-02
   5.9159159e-01   7.2258768e-02
   5.9259259e-01   7.1921838e-02
   5.9359359e-01   7.1584919e-02
   5.9459459e-01   7.1248013e-02
   5.9559560e-01   7.0911118e-02
   5.9659660e-01   7.0574235e-02
   5.9759760e-01   7.0237364e-02
   5.9859860e-01   6.9900505e-02
   5.9959960e-01   6.9563657e-02
   6.0060060e-01   6.9226822e-02
   6.0160160e-01   6.8889998e-02
   6.0260260e-01   6.8553186e-02
   6.0360360e-01   6.8216386e-02
   6.0460460e-01   6.7879598e-02
   6.0560561e-01   6.7542821e-02
   6.0660661e-01   6.7206057e-02
   6.0760761e-01   6.6869304e-02
   6.0860861e-01   6.6532563e-02
   6.0960961e-01   6.6195834e-02
   6.1061061e-01   6.5859117e-02
   6.1161161e-01   6.5522411e-02
   6.1261261e-01   6.5185718e-02
   6.1361361e-01   6.4849036e-02
   6.1461461e-01   6.4512366e-02
   6.1561562e-01   6.4175708e-02
   6.1661662e-01   6.3839061e-02
   6.1761762e-01   6.3502427e-02
   6.1861862e-01   6.3165804e-02
   6.1961962e-01   6.2829194e-02
   6.2062062e-01   6.2492595e-02
   6.2162162e-01   6.2156007e-02
   6.2262262e-01   6.1819432e-02
   6.2362362e-01   6.1482869e-02
   6.2462462e-01   6.1146317e-02
   6.2562563e-01   6.0809777e-02
   6.2662663e-01   6.0473249e-02
   6.2762763e-01   6.0136733e-02
   6.2862863e-01   5.9800228e-02
   6.2962963e-01   5.9463736e-02
   6.3063063e-01   5.9127255e-02
   6.3163163e-01   5.8790786e-02
   6.3263263e-01   5.8454329e-02
   6.3363363e-01   5.8117884e-02
   6.3463463e-01   5.7781451e-02
   6.3563564e-01   5.7445029e-02
   6.3663664e-01   5.7108619e-02
   6.3763764e-01   5.6772222e-02
   6.3863864e-01   5.6435836e-02
   6.3963964e-01   5.6099461e-02
   6.4064064e-01   5.5763099e-02
   6.4164164e-01   5.5426748e-02
   6.4264264e-01   5.5090410e-02
   6.4364364e-01   5.4754083e-02
   6.4464464e-01   5.4417768e-02
   6.4564565e-01   5.4081464e-02
   6.4664665e-01   5.3745173e-02
   6.4764765e-01   5.3408893e-02
   6.4864865e-01   5.3072625e-02
   6.4964965e-01   5.2736369e-02
   6.5065065e-01   5.2400125e-02
   6.5165165e-01   5.2063893e-02
   6.5265265e-01   5.1727673e-02
   6.5365365e-01   5.1391464e-02
   6.5465465e-01   5.1055267e-02
   6.5565566e-01   5.0719082e-02
   6.5665666e-01   5.0382909e-02
   6.5765766e-01   5.0046748e-02
   6.5865866e-01   4.9710598e-02
   6.5965966e-01   4.9374461e-02
   6.6066066e-01   4.9038335e-02
   6.6166166e-01   4.8702221e-02
   6.6266266e-01   4.8366119e-02
   6.6366366e-01   4.8030028e-02
   6.6466466e-01   4.7693950e-02
   6.6566567e-01   4.7357883e-02
   6.6666667e-01   4.7021828e-02
   6.6766767e-01   4.6685785e-02
   6.6866867e-01   4.6349754e-02
   6.6966967e-01   4.6013735e-02
   6.7067067e-01   4.5677727e-02
   6.7167167e-01   4.5341731e-02
   6.7267267e-01   4.5005747e-02
   6.7367367e-01   4.4669775e-02
   6.7467467e-01   4.4333815e-02
   6.7567568e-01   4.3997867e-02
   6.7667668e-01   4.3661930e-02
   6.7767768e-01   4.3326005e-02
   6.7867868e-01   4.2990092e-02
   6.7967968e-01   4.2654191e-02
   6.8068068e-01   4.2318302e-02
   6.8168168e-01   4.1982425e-02
   6.8268268e-01   4.1646559e-02
   6.8368368e-01   4.1310705e-02
   6.8468468e-01   4.0974863e-02
   6.8568569e-01   4.0639033e-02
   6.8668669e-01   4.0303215e-02
   6.8768769e-01   3.9967409e-02
   6.8868869e-01   3.9631614e-02
   6.8968969e-01   3.9295831e-02
   6.9069069e-01   3.8960060e-02
   6.9169169e-01   3.8624301e-02
   6.9269269e-01   3.8288554e-02
   6.9369369e-01   3.7952818e-02
   6.9469469e-01   3.7617095e-02
   6.9569570e-01   3.7281383e-02
   6.9669670e-01   3.6945683e-02
   6.9769770e-01   3.6609995e-02
   6.9869870e-01   3.6274318e-02
   6.9969970e-01   3.5938654e-02
   7.0070070e-01   3.5603001e-02
   7.0170170e-01   3.5267360e-02
   7.0270270e-01   3.4931731e-02
   7.0370370e-01   3.4596114e-02
   7.0470470e-01   3.4260509e-02
   7.0570571e-01   3.3924915e-02
   7.0670671e-01   3.3589333e-02
   7.0770771e-01   3.3253764e-02
   7.0870871e-01   3.2918206e-02
   7.0970971e-01   3.2582659e-02
   7.1071071e-01   3.2247125e-02
   7.1171171e-01   3.1911602e-02
   7.1271271e-01   3.1576092e-02
   7.1371371e-01   3.1240593e-02
   7.1471471e-01   3.0905106e-02
   7.1571572e-01   3.0569630e-02
   7.1671672e-01   3.0234167e-02
   7.1771772e-01   2.9898715e-02
   7.1871872e-01   2.9563276e-02
   7.1971972e-01   2.9227848e-02
   7.2072072e-01   2.8892432e-02
   7.2172172e-01   2.8557027e-02
   7.2272272e-01   2.8221635e-02
   7.2372372e-01   2.7886254e-02
   7.2472472e-01   2.7550886e-02
   7.2572573e-01   2.7215529e-02
   7.2672673e-01   2.6880184e-02
   7.2772773e-01   2.6544850e-02
   7.2872873e-01   2.6209529e-02
   7.2972973e-01   2.5874219e-02
   7.3073073e-01   2.5538921e-02
   7.3173173e-01   2.5203635e-02
   7.3273273e-01   2.4868361e-02
   7.3373373e-01   2.4533099e-02
   7.3473473e-01   2.4197848e-02
   7.3573574e-01   2.3862610e-02
   7.3673674e-01   2.3527383e-02
   7.3773774e-01   2.3192168e-02
   7.3873874e-01   2.2856965e-02
   7.3973974e-01   2.2521773e-02
   7.4074074e-01   2.2186594e-02
   7.4174174e-01   2.1851426e-02
   7.4274274e-01   2.1516270e-02
   7.4374374e-01   2.1181126e-02
   7.4474474e-01   2.0845994e-02
   7.4574575e-01   2.0510874e-02
   7.4674675e-01   2.0175765e-02
   7.4774775e-01   1.9840668e-02
   7.4874875e-01   1.9505583e-02
   7.4974975e-01   1.9170510e-02
   7.5075075e-01   1.8835449e-02
   7.5175175e-01   1.8500400e-02
   7.5275275e-01   1.8165362e-02
   7.5375375e-01   1.7830336e-02
   7.5475475e-01   1.7495323e-02
   7.5575576e-01   1.7160320e-02
   7.5675676e-01   1.6825330e-02
   7.5775776e-01   1.6490352e-02
   7.5875876e-01   1.6155385e-02
   7.5975976e-01   1.5820430e-02
   7.6076076e-01   1.5485487e-02
   7.6176176e-01   1.5150556e-02
   7.6276276e-01   1.4815637e-02
   7.6376376e-01   1.4480730e-02
   7.6476476e-01   1.4145834e-02
   7.6576577e-01   1.3810950e-02
   7.6676677e-01   1.3476078e-02
   7.6776777e-01   1.3141218e-02
   7.6876877e-01   1.2806370e-02
   7.6976977e-01   1.2471533e-02
   7.7077077e-01   1.2136709e-02
   7.7177177e-01   1.1801896e-02
   7.7277277e-01   1.1467095e-02
   7.7377377e-01   1.1132306e-02
   7.7477477e-01   1.0797528e-02
   7.7577578e-01   1.0462763e-02
   7.7677678e-01   1.0128009e-02
   7.7777778e-01   9.7932673e-03
   7.7877878e-01   9.4585373e-03
   7.7977978e-01   9.1238191e-03
   7.8078078e-01   8.7891127e-03
   7.8178178e-01   8.4544182e-03
   7.8278278e-01   8.1197355e-03
   7.8378378e-01   7.7850646e-03
   7.8478478e-01   7.4504056e-03
   7.8578579e-01   7.1157584e-03
   7.8678679e-01   6.7811230e-03
   7.8778779e-01   6.4464994e-03
   7.8878879e-01   6.1118877e-03
   7.8978979e-01   5.7772878e-03
   7.9079079e-01   5.4426997e-03
   7.9179179e-01   5.1081235e-03
   7.9279279e-01   4.7735590e-03
   7.9379379e-01   4.4390064e-03
   7.9479479e-01   4.1044657e-03
   7.9579580e-01   3.7699368e-03
   7.9679680e-01   3.4354197e-03
   7.9779780e-01   3.1009144e-03
   7.9879880e-01   2.7664209e-03
   7.9979980e-01   2.4319393e-03
   8.0080080e-01   2.0974695e-03
   8.0180180e-01   1.7630116e-03
   8.0280280e-01   1.4285655e-03
   8.0380380e-01   1.0941312e-03
   8.0480480e-01   7.5970870e-04
   8.0580581e-01   4.2529806e-04
   8.0680681e-01   9.0899245e-05
   8.0780781e-01  -2.4348774e-04
   8.0880881e-01  -5.7786289e-04
   8.0980981e-01  -9.1222622e-04
   8.1081081e-01  -1.2465777e-03
   8.1181181e-01  -1.5809174e-03
   8.1281281e-01  -1.9152452e-03
   8.1381381e-01  -2.2495612e-03
   8.1481481e-01  -2.5838654e-03
   8.1581582e-01  -2.9181578e-03
   8.1681682e-01  -3.2524383e-03
   8.1781782e-01  -3.5867070e-03
   8.1881882e-01  -3.9209638e-03
   8.1981982e-01  -4.2552089e-03
   8.2082082e-01  -4.5894421e-03
   8.2182182e-01  -4.9236635e-03
   8.2282282e-01  -5.2578730e-03
   8.2382382e-01  -5.5920707e-03
   8.2482482e-01  -5.9262566e-03
   8.2582583e-01  -6.2604307e-03
   8.2682683e-01  -6.5945929e-03
   8.2782783e-01  -6.9287433e-03
   8.2882883e-01  -7.2628819e-03
   8.2982983e-01  -7.5970086e-03
   8.3083083e-01  -7.9311236e-03
   8.3183183e-01  -8.2652266e-03
   8.3283283e-01  -8.5993179e-03
   8.3383383e-01  -8.9333973e-03
   8.3483483e-01  -9.2674649e-03
   8.3583584e-01  -9.6015207e-03
   8.3683684e-01  -9.9355647e-03
   8.3783784e-01  -1.0269597e-02
   8.3883884e-01  -1.0603617e-02
   8.3983984e-01  -1.0937626e-02
   8.4084084e-01  -1.1271622e-02
   8.4184184e-01  -1.1605607e-02
   8.4284284e-01  -1.1939580e-02
   8.4384384e-01  -1.2273541e-02
   8.4484484e-01  -1.2607490e-02
   8.4584585e-01  -1.2941428e-02
   8.4684685e-01  -1.3275354e-02
   8.4784785e-01  -1.3609267e-02
   8.4884885e-01  -1.3943169e-02
   8.4984985e-01  -1.4277059e-02
   8.5085085e-01  -1.4610938e-02
   8.5185185e-01  -1.4944804e-02
   8.5285285e-01  -1.5278659e-02
   8.5385385e-01  -1.5612502e-02
   8.5485485e-01  -1.5946333e-02
   8.5585586e-01  -1.6280152e-02
   8.5685686e-01  -1.6613959e-02
   8.5785786e-01  -1.6947755e-02
   8.5885886e-01  -1.7281539e-02
   8.5985986e-01  -1.7615311e-02
   8.6086086e-01  -1.7949071e-02
   8.6186186e-01  -1.8282819e-02
   8.6286286e-01  -1.8616555e-02
   8.6386386e-01  -1.8950280e-02
   8.6486486e-01  -1.9283993e-02
   8.6586587e-01  -1.9617693e-02
   8.6686687e-01  -1.9951383e-02
   8.6786787e-01  -2.0285060e-02
   8.6886887e-01  -2.0618725e-02
   8.6986987e-01  -2.0952379e-02
   8.7087087e-01  -2.1286021e-02
   8.7187187e-01  -2.1619650e-02
   8.7287287e-01  -2.1953269e-02
   8.7387387e-01  -2.2286875e-02
   8.7487487e-01  -2.2620469e-02
   8.7587588e-01  -2.2954052e-02
   8.7687688e-01  -2.3287623e-02
   8.7787788e-01  -2.3621182e-02
   8.7887888e-01  -2.3954729e-02
   8.7987988e-01  -2.4288264e-02
   8.8088088e-01  -2.4621788e-02
   8.8188188e-01  -2.4955299e-02
   8.8288288e-01  -2.5288799e-02
   8.8388388e-01  -2.5622287e-02
   8.8488488e-01  -2.5955763e-02
   8.8588589e-01  -2.6289227e-02
   8.8688689e-01  -2.6622680e-02
   8.8788789e-01  -2.6956121e-02
   8.8888889e-01  -2.7289550e-02
   8.8988989e-01  -2.7622967e-02
   8.9089089e-01  -2.7956372e-02
   8.9189189e-01  -2.8289765e-02
   8.9289289e-01  -2.8623147e-02
   8.9389389e-01  -2.8956516e-02
   8.9489489e-01  -2.9289874e-02
   8.9589590e-01  -2.9623220e-02
   8.9689690e-01  -2.9956554e-02
   8.9789790e-01  -3.0289877e-02
   8.9889890e-01  -3.0623187e-02
   8.9989990e-01  -3.0956486e-02
   9.0090090e-01  -3.1289773e-02
   9.0190190e-01  -3.1623048e-02
   9.0290290e-01  -3.1956311e-02
   9.0390390e-01  -3.2289563e-02
   9.0490490e-01  -3.2622802e-02
   9.0590591e-01  -3.2956030e-02
   9.0690691e-01  -3.3289246e-02
   9.0790791e-01  -3.3622450e-02
   9.0890891e-01  -3.3955642e-02
   9.0990991e-01  -3.4288823e-02
   9.1091091e-01  -3.4621991e-02
   9.1191191e-01  -3.4955148e-02
   9.1291291e-01  -3.5288293e-02
   9.1391391e-01  -3.5621426e-02
   9.1491491e-01  -3.5954547e-02
   9.1591592e-01  -3.6287657e-02
   9.1691692e-01  -3.6620755e-02
   9.1791792e-01  -3.6953840e-02
   9.1891892e-01  -3.7286914e-02
   9.1991992e-01  -3.7619976e-02
   9.2092092e-01  -3.7953027e-02
   9.2192192e-01  -3.8286065e-02
   9.2292292e-01  -3.8619092e-02
   9.2392392e-01  -3.8952107e-02
   9.2492492e-01  -3.9285110e-02
   9.2592593e-01  -3.9618101e-02
   9.2692693e-01  -3.9951080e-02
   9.2792793e-01  -4.0284048e-02
   9.2892893e-01  -4.0617003e-02
   9.2992993e-01  -4.0949947e-02
   9.3093093e-01  -4.1282879e-02
   9.3193193e-01  -4.1615800e-02
   9.3293293e-01  -4.1948708e-02
   9.3393393e-01  -4.2281604e-02
   9.3493493e-01  -4.2614489e-02
   9.3593594e-01  -4.2947362e-02
   9.3693694e-01  -4.3280223e-02
   9.3793794e-01  -4.3613072e-02
   9.3893894e-01  -4.3945910e-02
   9.3993994e-01  -4.4278735e-02
   9.4094094e-01  -4.4611549e-02
   9.4194194e-01  -4.4944351e-02
   9.4294294e-01  -4.5277141e-02
   9.4394394e-01  -4.5609919e-02
   9.4494494e-01  -4.5942686e-02
   9.4594595e-01  -4.6275440e-02
   9.4694695e-01  -4.6608183e-02
   9.4794795e-01  -4.6940914e-02
   9.4894895e-01  -4.7273633e-02
   9.4994995e-01  -4.7606340e-02
   9.5095095e-01  -4.7939036e-02
   9.5195195e-01  -4.8271719e-02
   9.5295295e-01  -4.8604391e-02
   9.5395395e-01  -4.8937051e-02
   9.5495495e-01  -4.9269699e-02
   9.5595596e-01  -4.9602336e-02
   9.5695696e-01  -4.9934960e-02
   9.5795796e-01  -5.0267573e-02
   9.5895896e-01  -5.0600174e-02
   9.5995996e-01  -5.0932763e-02
   9.6096096e-01  -5.1265340e-02
   9.6196196e-01  -5.1597905e-02
   9.6296296e-01  -5.1930458e-02
   9.6396396e-01  -5.2263000e-02
   9.6496496e-01  -5.2595530e-02
   9.6596597e-01  -5.2928048e-02
   9.6696697e-01  -5.3260554e-02
   9.6796797e-01  -5.3593049e-02
   9.6896897e-01  -5.3925531e-02
   9.6996997e-01  -5.4258002e-02
   9.7097097e-01  -5.4590461e-02
   9.7197197e-01  -5.4922908e-02
   9.7297297e-01  -5.5255343e-02
   9.7397397e-01  -5.5587766e-02
   9.7497497e-01  -5.5920178e-02
   9.7597598e-01  -5.6252578e-02
   9.7697698e-01  -5.6584965e-02
   9.7797798e-01  -5.6917342e-02
   9.7897898e-01  -5.7249706e-02
   9.7997998e-01  -5.7582058e-02
   9.8098098e-01  -5.7914399e-02
   9.8198198e-01  -5.8246728e-02
   9.8298298e-01  -5.8579044e-02
   9.8398398e-01  -5.8911350e-02
   9.8498498e-01  -5.9243643e-02
   9.8598599e-01  -5.9575924e-02
   9.8698699e-01  -5.9908194e-02
   9.8798799e-01  -6.0240452e-02
   9.8898899e-01  -6.0572698e-02
   9.8998999e-01  -6.0904932e-02
   9.9099099e-01  -6.1237154e-02
   9.9199199e-01  -6.1569364e-02
   9.9299299e-01  -6.1901563e-02
   9.9399399e-01  -6.2233750e-02
   9.9499499e-01  -6.2565925e-02
   9.9599600e-01  -6.2898088e-02
   9.9699700e-01  -6.3230239e-02
   9.9799800e-01  -6.3562379e-02
   9.9899900e-01  -6.3894506e-02
   1.0000000e+00   0.0000000e+00
