   0.0000000e+00   3.3847982e-01
   1.0010010e-03   3.3865390e-01
   2.0020020e-03   3.3882828e-01
   3.0030030e-03   3.3900298e-01
   4.0040040e-03   3.3917799e-01
   5.0050050e-03   3.3935331e-01
   6.0060060e-03   3.3952895e-01
   7.0070070e-03   3.3970491e-01
   8.0080080e-03   3.3988118e-01
   9.0090090e-03   3.4005777e-01
   1.0010010e-02   3.4023468e-01
   1.1011011e-02   3.4041191e-01
   1.2012012e-02   3.4058947e-01
   1.3013013e-02   3.4076735e-01
   1.4014014e-02   3.4094555e-01
   1.5015015e-02   3.4112408e-01
   1.6016016e-02   3.4130294e-01
   1.7017017e-02   3.4148212e-01
   1.8018018e-02   3.4166164e-01
   1.9019019e-02   3.4184148e-01
   2.0020020e-02   3.4202166e-01
   2.1021021e-02   3.4220217e-01
   2.2022022e-02   3.4238302e-01
   2.3023023e-02   3.4256421e-01
   2.4024024e-02   3.4274573e-01
   2.5025025e-02   3.4292759e-01
   2.6026026e-02   3.4310979e-01
   2.7027027e-02   3.4329234e-01
   2.8028028e-02   3.4347522e-01
   2.9029029e-02   3.4365846e-01
   3.0030030e-02   3.4384203e-01
   3.1031031e-02   3.4402596e-01
   3.2032032e-02   3.4421023e-01
   3.3033033e-02   3.4439485e-01
   3.4034034e-02   3.4457983e-01
   3.5035035e-02   3.4476516e-01
   3.6036036e-02   3.4495084e-01
   3.7037037e-02   3.4513688e-01
   3.8038038e-02   3.4532327e-01
   3.9039039e-02   3.4551002e-01
   4.0040040e-02   3.4569714e-01
   4.1041041e-02   3.4588461e-01
   4.2042042e-02   3.4607245e-01
   4.3043043e-02   3.4626065e-01
   4.4044044e-02   3.4644922e-01
   4.5045045e-02   3.4663815e-01
   4.6046046e-02   3.4682745e-01
   4.7047047e-02   3.4701713e-01
   4.8048048e-02   3.4720717e-01
   4.9049049e-02   3.4739759e-01
   5.0050050e-02   3.4758838e-01
   5.1051051e-02   3.4777955e-01
   5.2052052e-02   3.4797110e-01
   5.3053053e-02   3.4816302e-01
   5.4054054e-02   3.4835533e-01
   5.5055055e-02   3.4854802e-01
   5.6056056e-02   3.4874109e-01
   5.7057057e-02   3.4893455e-01
   5.8058058e-02   3.4912839e-01
   5.9059059e-02   3.4932263e-01
   6.0060060e-02   3.4951725e-01
   6.1061061e-02   3.4971226e-01
   6.2062062e-02   3.4990767e-01
   6.3063063e-02   3.5010348e-01
   6.4064064e-02   3.5029968e-01
   6.5065065e-02   3.5049628e-01
   6.6066066e-02   3.5069328e-01
   6.7067067e-02   3.5089068e-01
   6.8068068e-02   3.5108848e-01
   6.9069069e-02   3.5128669e-01
   7.0070070e-02   3.5148530e-01
   7.1071071e-02   3.5168433e-01
   7.2072072e-02   3.5188376e-01
   7.3073073e-02   3.5208361e-01
   7.4074074e-02   3.5228386e-01
   7.5075075e-02   3.5248454e-01
   7.6076076e-02   3.5268563e-01
   7.7077077e-02   3.5288714e-01
   7.8078078e-02   3.5308906e-01
   7.9079079e-02   3.5329142e-01
   8.0080080e-02   3.5349419e-01
   8.1081081e-02   3.5369739e-01
   8.2082082e-02   3.5390102e-01
   8.3083083e-02   3.5410508e-01
   8.4084084e-02   3.5430956e-01
   8.5085085e-02   3.5451449e-01
   8.6086086e-02   3.5471984e-01
   8.7087087e-02   3.5492563e-01
   8.8088088e-02   3.5513186e-01
   8.9089089e-02   3.5533853e-01
   9.0090090e-02   3.5554565e-01
   9.1091091e-02   3.5575320e-01
   9.2092092e-02   3.5596120e-01
   9.3093093e-02   3.5616965e-01
   9.4094094e-02   3.5637855e-01
   9.5095095e-02   3.5658791e-01
   9.6096096e-02   3.5679771e-01
   9.7097097e-02   3.5700797e-01
   9.8098098e-02   3.5721869e-01
   9.9099099e-02   3.5742986e-01
   1.0010010e-01   3.5764150e-01
   1.0110110e-01   3.5785360e-01
   1.0210210e-01   3.5806617e-01
   1.0310310e-01   3.5827920e-01
   1.0410410e-01   3.5849271e-01
   1.0510511e-01   3.5870668e-01
   1.0610611e-01   3.5892113e-01
   1.0710711e-01   3.5913605e-01
   1.0810811e-01   3.5935146e-01
   1.0910911e-01   3.5956734e-01
   1.1011011e-01   3.5978370e-01
   1.1111111e-01   3.6000054e-01
   1.1211211e-01   3.6021788e-01
   1.1311311e-01   3.6043570e-01
   1.1411411e-01   3.6065401e-01
   1.1511512e-01   3.6087281e-01
   1.1611612e-01   3.6109211e-01
   1.1711712e-01   3.6131190e-01
   1.1811812e-01   3.6153219e-01
   1.1911912e-01   3.6175299e-01
   1.2012012e-01   3.6197428e-01
   1.2112112e-01   3.6219609e-01
   1.2212212e-01   3.6241840e-01
   1.2312312e-01   3.6264122e-01
   1.2412412e-01   3.6286455e-01
   1.2512513e-01   3.6308840e-01
   1.2612613e-01   3.6331276e-01
   1.2712713e-01   3.6353764e-01
   1.2812813e-01   3.6376305e-01
   1.2912913e-01   3.6398897e-01
   1.3013013e-01   3.6421543e-01
   1.3113113e-01   3.6444241e-01
   1.3213213e-01   3.6466992e-01
   1.3313313e-01   3.6489797e-01
   1.3413413e-01   3.6512655e-01
   1.3513514e-01   3.6535567e-01
   1.3613614e-01   3.6558533e-01
   1.3713714e-01   3.6581554e-01
   1.3813814e-01   3.6604629e-01
   1.3913914e-01   3.6627758e-01
   1.4014014e-01   3.6650943e-01
   1.4114114e-01   3.6674183e-01
   1.4214214e-01   3.6697479e-01
   1.4314314e-01   3.6720830e-01
   1.4414414e-01   3.6744237e-01
   1.4514515e-01   3.6767701e-01
   1.4614615e-01   3.6791221e-01
   1.4714715e-01   3.6814798e-01
   1.4814815e-01   3.6838433e-01
   1.4914915e-01   3.6862124e-01
   1.5015015e-01   3.6885873e-01
   1.5115115e-01   3.6909680e-01
   1.5215215e-01   3.6933545e-01
   1.5315315e-01   3.6957469e-01
   1.5415415e-01   3.6981451e-01
   1.5515516e-01   3.7005492e-01
   1.5615616e-01   3.7029593e-01
   1.5715716e-01   3.7053753e-01
   1.5815816e-01   3.7077972e-01
   1.5915916e-01   3.7102252e-01
   1.6016016e-01   3.7126592e-01
   1.6116116e-01   3.7150993e-01
   1.6216216e-01   3.7175455e-01
   1.6316316e-01   3.7199978e-01
   1.6416416e-01   3.7224562e-01
   1.6516517e-01   3.7249208e-01
   1.6616617e-01   3.7273916e-01
   1.6716717e-01   3.7298687e-01
   1.6816817e-01   3.7323520e-01
   1.6916917e-01   3.7348416e-01
   1.7017017e-01   3.7373376e-01
   1.7117117e-01   3.7398399e-01
   1.7217217e-01   3.7423486e-01
   1.7317317e-01   3.7448637e-01
   1.7417417e-01   3.7473852e-01
   1.7517518e-01   3.7499133e-01
   1.7617618e-01   3.7524478e-01
   1.7717718e-01   3.7549889e-01
   1.7817818e-01   3.7575365e-01
   1.7917918e-01   3.7600908e-01
   1.8018018e-01   3.7626517e-01
   1.8118118e-01   3.7652192e-01
   1.8218218e-01   3.7677935e-01
   1.8318318e-01   3.7703745e-01
   1.8418418e-01   3.7729623e-01
   1.8518519e-01   3.7755568e-01
   1.8618619e-01   3.7781582e-01
   1.8718719e-01   3.7807665e-01
   1.8818819e-01   3.7833816e-01
   1.8918919e-01   3.7860037e-01
   1.9019019e-01   3.7886327e-01
   1.9119119e-01   3.7912688e-01
   1.9219219e-01   3.7939119e-01
   1.9319319e-01   3.7965620e-01
   1.9419419e-01   3.7992193e-01
   1.9519520e-01   3.8018837e-01
   1.9619620e-01   3.8045553e-01
   1.9719720e-01   3.8072341e-01
   1.9819820e-01   3.8099201e-01
   1.9919920e-01   3.8126134e-01
   2.0020020e-01   3.8153141e-01
   2.0120120e-01   3.8180221e-01
   2.0220220e-01   3.8207375e-01
   2.0320320e-01   3.8234603e-01
   2.0420420e-01   3.8261906e-01
   2.0520521e-01   3.8289284e-01
   2.0620621e-01   3.8316737e-01
   2.0720721e-01   3.8344266e-01
   2.0820821e-01   3.8371872e-01
   2.0920921e-01   3.8399554e-01
   2.1021021e-01   3.8427313e-01
   2.1121121e-01   3.8455149e-01
   2.1221221e-01   3.8483063e-01
   2.1321321e-01   3.8511055e-01
   2.1421421e-01   3.8539126e-01
   2.1521522e-01   3.8567276e-01
   2.1621622e-01   3.8595505e-01
   2.1721722e-01   3.8623813e-01
   2.1821822e-01   3.8652202e-01
   2.1921922e-01   3.8680672e-01
   2.2022022e-01   3.8709223e-01
   2.2122122e-01   3.8737855e-01
   2.2222222e-01   3.8766569e-01
   2.2322322e-01   3.8795365e-01
   2.2422422e-01   3.8824244e-01
   2.2522523e-01   3.8853206e-01
   2.2622623e-01   3.8882252e-01
   2.2722723e-01   3.8911381e-01
   2.2822823e-01   3.8940595e-01
   2.2922923e-01   3.8969894e-01
   2.3023023e-01   3.8999279e-01
   2.3123123e-01   3.9028749e-01
   2.3223223e-01   3.9058305e-01
   2.3323323e-01   3.9087948e-01
   2.3423423e-01   3.9117678e-01
   2.3523524e-01   3.9147496e-01
   2.3623624e-01   3.9177402e-01
   2.3723724e-01   3.9207396e-01
   2.3823824e-01   3.9237480e-01
   2.3923924e-01   3.9267653e-01
   2.4024024e-01   3.9297916e-01
   2.4124124e-01   3.9328269e-01
   2.4224224e-01   3.9358714e-01
   2.4324324e-01   3.9389250e-01
   2.4424424e-01   3.9419878e-01
   2.4524525e-01   3.9450598e-01
   2.4624625e-01   3.9481411e-01
   2.4724725e-01   3.9512318e-01
   2.4824825e-01   3.9543318e-01
   2.4924925e-01   3.9574413e-01
   2.5025025e-01   3.9605603e-01
   2.5125125e-01   3.9636889e-01
   2.5225225e-01   3.9668270e-01
   2.5325325e-01   3.9699748e-01
   2.5425425e-01   3.9731324e-01
   2.5525526e-01   3.9762996e-01
   2.5625626e-01   3.9794767e-01
   2.5725726e-01   3.9826637e-01
   2.5825826e-01   3.9858606e-01
   2.5925926e-01   3.9890674e-01
   2.6026026e-01   3.9922843e-01
   2.6126126e-01   3.9955113e-01
   2.6226226e-01   3.9987485e-01
   2.6326326e-01   4.0019958e-01
   2.6426426e-01   4.0052534e-01
   2.6526527e-01   4.0085214e-01
   2.6626627e-01   4.0117997e-01
   2.6726727e-01   4.0150884e-01
   2.6826827e-01   4.0183876e-01
   2.6926927e-01   4.0216974e-01
   2.7027027e-01   4.0250178e-01
   2.7127127e-01   4.0283489e-01
   2.7227227e-01   4.0316907e-01
   2.7327327e-01   4.0350433e-01
   2.7427427e-01   4.0384068e-01
   2.7527528e-01   4.0417812e-01
   2.7627628e-01   4.0451665e-01
   2.7727728e-01   4.0485629e-01
   2.7827828e-01   4.0519705e-01
   2.7927928e-01   4.0553892e-01
   2.8028028e-01   4.0588191e-01
   2.8128128e-01   4.0622603e-01
   2.8228228e-01   4.0657129e-01
   2.8328328e-01   4.0691770e-01
   2.8428428e-01   4.0726525e-01
   2.8528529e-01   4.0761397e-01
   2.8628629e-01   4.0796384e-01
   2.8728729e-01   4.0831489e-01
   2.8828829e-01   4.0866711e-01
   2.8928929e-01   4.0902052e-01
   2.9029029e-01   4.0937512e-01
   2.9129129e-01   4.0973092e-01
   2.9229229e-01   4.1008792e-01
   2.9329329e-01   4.1044614e-01
   2.9429429e-01   4.1080557e-01
   2.9529530e-01   4.1116624e-01
   2.9629630e-01   4.1152813e-01
   2.9729730e-01   4.1189127e-01
   2.9829830e-01   4.1225566e-01
   2.9929930e-01   4.1262131e-01
   3.0030030e-01   4.1298822e-01
   3.0130130e-01   4.1335640e-01
   3.0230230e-01   4.1372587e-01
   3.0330330e-01   4.1409662e-01
   3.0430430e-01   4.1446867e-01
   3.0530531e-01   4.1484201e-01
   3.0630631e-01   4.1521668e-01
   3.0730731e-01   4.1559266e-01
   3.0830831e-01   4.1596996e-01
   3.0930931e-01   4.1634861e-01
   3.1031031e-01   4.1672860e-01
   3.1131131e-01   4.1710994e-01
   3.1231231e-01   4.1745685e-01
   3.1331331e-01   4.1757265e-01
   3.1431431e-01   4.1768842e-01
   3.1531532e-01   4.1780415e-01
   3.1631632e-01   4.1791985e-01
   3.1731732e-01   4.1803552e-01
   3.1831832e-01   4.1815116e-01
   3.1931932e-01   4.1826676e-01
   3.2032032e-01   4.1838233e-01
   3.2132132e-01   4.1849786e-01
   3.2232232e-01   4.1861336e-01
   3.2332332e-01   4.1872883e-01
   3.2432432e-01   4.1884426e-01
   3.2532533e-01   4.1895965e-01
   3.2632633e-01   4.1907500e-01
   3.2732733e-01   4.1919032e-01
   3.2832833e-01   4.1930561e-01
   3.2932933e-01   4.1942085e-01
   3.3033033e-01   4.1953606e-01
   3.3133133e-01   4.1965123e-01
   3.3233233e-01   4.1976636e-01
   3.3333333e-01   4.1988145e-01
   3.3433433e-01   4.1999650e-01
   3.3533534e-01   4.2011151e-01
   3.3633634e-01   4.2022648e-01
   3.3733734e-01   4.2034141e-01
   3.3833834e-01   4.2045630e-01
   3.3933934e-01   4.2057115e-01
   3.4034034e-01   4.2068595e-01
   3.4134134e-01   4.2080072e-01
   3.4234234e-01   4.2091544e-01
   3.4334334e-01   4.2103011e-01
   3.4434434e-01   4.2114475e-01
   3.4534535e-01   4.2125934e-01
   3.4634635e-01   4.2137388e-01
   3.4734735e-01   4.2148838e-01
   3.4834835e-01   4.2160283e-01
   3.4934935e-01   4.2171724e-01
   3.5035035e-01   4.2183160e-01
   3.5135135e-01   4.2194592e-01
   3.5235235e-01   4.2206019e-01
   3.5335335e-01   4.2217440e-01
   3.5435435e-01   4.2228858e-01
   3.5535536e-01   4.2240270e-01
   3.5635636e-01   4.2251677e-01
   3.5735736e-01   4.2263079e-01
   3.5835836e-01   4.2274477e-01
   3.5935936e-01   4.2285869e-01
   3.6036036e-01   4.2297256e-01
   3.6136136e-01   4.2308638e-01
   3.6236236e-01   4.2320014e-01
   3.6336336e-01   4.2331386e-01
   3.6436436e-01   4.2342752e-01
   3.6536537e-01   4.2354113e-01
   3.6636637e-01   4.2365468e-01
   3.6736737e-01   4.2376818e-01
   3.6836837e-01   4.2388162e-01
   3.6936937e-01   4.2399500e-01
   3.7037037e-01   4.2410833e-01
   3.7137137e-01   4.2422161e-01
   3.7237237e-01   4.2433482e-01
   3.7337337e-01   4.2444798e-01
   3.7437437e-01   4.2456108e-01
   3.7537538e-01   4.2467412e-01
   3.7637638e-01   4.2478710e-01
   3.7737738e-01   4.2490002e-01
   3.7837838e-01   4.2501288e-01
   3.7937938e-01   4.2512568e-01
   3.8038038e-01   4.2523841e-01
   3.8138138e-01   4.2535109e-01
   3.8238238e-01   4.2546370e-01
   3.8338338e-01   4.2557624e-01
   3.8438438e-01   4.2568873e-01
   3.8538539e-01   4.2580114e-01
   3.8638639e-01   4.2591350e-01
   3.8738739e-01   4.2602578e-01
   3.8838839e-01   4.2613800e-01
   3.8938939e-01   4.2625015e-01
   3.9039039e-01   4.2636224e-01
   3.9139139e-01   4.2647425e-01
   3.9239239e-01   4.2658620e-01
   3.9339339e-01   4.2669808e-01
   3.9439439e-01   4.2680988e-01
   3.9539540e-01   4.2692162e-01
   3.9639640e-01   4.2703328e-01
   3.9739740e-01   4.2714487e-01
   3.9839840e-01   4.2725639e-01
   3.9939940e-01   4.2736783e-01
   4.0040040e-01   4.2747920e-01
   4.0140140e-01   4.2759050e-01
   4.0240240e-01   4.2770171e-01
   4.0340340e-01   4.2781286e-01
   4.0440440e-01   4.2792392e-01
   4.0540541e-01   4.2803491e-01
   4.0640641e-01   4.2814582e-01
   4.0740741e-01   4.2825665e-01
   4.0840841e-01   4.2836740e-01
   4.0940941e-01   4.2847807e-01
   4.1041041e-01   4.2858866e-01
   4.1141141e-01   4.2869916e-01
   4.1241241e-01   4.2880959e-01
   4.1341341e-01   4.2891993e-01
   4.1441441e-01   4.2903018e-01
   4.1541542e-01   4.2914036e-01
   4.1641642e-01   4.2925044e-01
   4.1741742e-01   4.2936044e-01
   4.1841842e-01   4.2947035e-01
   4.1941942e-01   4.2958018e-01
   4.2042042e-01   4.2968991e-01
   4.2142142e-01   4.2979956e-01
   4.2242242e-01   4.2990911e-01
   4.2342342e-01   4.3001858e-01
   4.2442442e-01   4.3012795e-01
   4.2542543e-01   4.3023723e-01
   4.2642643e-01   4.3034641e-01
   4.2742743e-01   4.3045551e-01
   4.2842843e-01   4.3056450e-01
   4.2942943e-01   4.3067340e-01
   4.3043043e-01   4.3078221e-01
   4.3143143e-01   4.3089091e-01
   4.3243243e-01   4.3099952e-01
   4.3343343e-01   4.3110803e-01
   4.3443443e-01   4.3121644e-01
   4.3543544e-01   4.3132475e-01
   4.3643644e-01   4.3143295e-01
   4.3743744e-01   4.3154106e-01
   4.3843844e-01   4.3164906e-01
   4.3943944e-01   4.3175695e-01
   4.4044044e-01   4.3186474e-01
   4.4144144e-01   4.3197242e-01
   4.4244244e-01   4.3208000e-01
   4.4344344e-01   4.3218747e-01
   4.4444444e-01   4.3229483e-01
   4.4544545e-01   4.3240207e-01
   4.4644645e-01   4.3250921e-01
   4.4744745e-01   4.3261624e-01
   4.4844845e-01   4.3272315e-01
   4.4944945e-01   4.3282995e-01
   4.5045045e-01   4.3293664e-01
   4.5145145e-01   4.3304320e-01
   4.5245245e-01   4.3314966e-01
   4.5345345e-01   4.3325599e-01
   4.5445445e-01   4.3336221e-01
   4.5545546e-01   4.3346830e-01
   4.5645646e-01   4.3357428e-01
   4.5745746e-01   4.3368014e-01
   4.5845846e-01   4.3378587e-01
   4.5945946e-01   4.3389147e-01
   4.6046046e-01   4.3399696e-01
   4.6146146e-01   4.3410231e-01
   4.6246246e-01   4.3420755e-01
   4.6346346e-01   4.3431265e-01
   4.6446446e-01   4.3441762e-01
   4.6546547e-01   4.3452247e-01
   4.6646647e-01   4.3462718e-01
   4.6746747e-01   4.3473176e-01
   4.6846847e-01   4.3483620e-01
   4.6946947e-01   4.3494052e-01
   4.7047047e-01   4.3504469e-01
   4.7147147e-01   4.3514873e-01
   4.7247247e-01   4.3525264e-01
   4.7347347e-01   4.3535640e-01
   4.7447447e-01   4.3546002e-01
   4.7547548e-01   4.3556351e-01
   4.7647648e-01   4.3566685e-01
   4.7747748e-01   4.3577004e-01
   4.7847848e-01   4.3587309e-01
   4.7947948e-01   4.3597600e-01
   4.8048048e-01   4.3607876e-01
   4.8148148e-01   4.3618136e-01
   4.8248248e-01   4.3628382e-01
   4.8348348e-01   4.3638613e-01
   4.8448448e-01   4.3648829e-01
   4.8548549e-01   4.3659029e-01
   4.8648649e-01   4.3669214e-01
   4.8748749e-01   4.3679384e-01
   4.8848849e-01   4.3689537e-01
   4.8948949e-01   4.3699675e-01
   4.9049049e-01   4.3709797e-01
   4.9149149e-01   4.3719902e-01
   4.9249249e-01   4.3729992e-01
   4.9349349e-01   4.3740065e-01
   4.9449449e-01   4.3750121e-01
   4.9549550e-01   4.3760161e-01
   4.9649650e-01   4.3770184e-01
   4.9749750e-01   4.3780190e-01
   4.9849850e-01   4.3790179e-01
   4.9949950e-01   4.3800151e-01
   5.0050050e-01   4.3810106e-01
   5.0150150e-01   4.3820043e-01
   5.0250250e-01   4.3829962e-01
   5.0350350e-01   4.3839864e-01
   5.0450450e-01   4.3849748e-01
   5.0550551e-01   4.3859614e-01
   5.0650651e-01   4.3869461e-01
   5.0750751e-01   4.3879290e-01
   5.0850851e-01   4.3889101e-01
   5.0950951e-01   4.3898893e-01
   5.1051051e-01   4.3908666e-01
   5.1151151e-01   4.3918421e-01
   5.1251251e-01   4.3928156e-01
   5.1351351e-01   4.3937872e-01
   5.1451451e-01   4.3947568e-01
   5.1551552e-01   4.3957245e-01
   5.1651652e-01   4.3966902e-01
   5.1751752e-01   4.3976539e-01
   5.1851852e-01   4.3986157e-01
   5.1951952e-01   4.3995754e-01
   5.2052052e-01   4.4005330e-01
   5.2152152e-01   4.4014886e-01
   5.2252252e-01   4.4024422e-01
   5.2352352e-01   4.4033936e-01
   5.2452452e-01   4.4043430e-01
   5.2552553e-01   4.4052902e-01
   5.2652653e-01   4.4062352e-01
   5.2752753e-01   4.4071782e-01
   5.2852853e-01   4.4081189e-01
   5.2952953e-01   4.4090575e-01
   5.3053053e-01   4.4099938e-01
   5.3153153e-01   4.4109279e-01
   5.3253253e-01   4.4118598e-01
   5.3353353e-01   4.4127894e-01
   5.3453453e-01   4.4137167e-01
   5.3553554e-01   4.4146417e-01
   5.3653654e-01   4.4155645e-01
   5.3753754e-01   4.4164848e-01
   5.3853854e-01   4.4174028e-01
   5.3953954e-01   4.4183185e-01
   5.4054054e-01   4.4192317e-01
   5.4154154e-01   4.4201425e-01
   5.4254254e-01   4.4210509e-01
   5.4354354e-01   4.4219569e-01
   5.4454454e-01   4.4228603e-01
   5.4554555e-01   4.4237613e-01
   5.4654655e-01   4.4246597e-01
   5.4754755e-01   4.4255557e-01
   5.4854855e-01   4.4264490e-01
   5.4954955e-01   4.4273398e-01
   5.5055055e-01   4.4282280e-01
   5.5155155e-01   4.4291136e-01
   5.5255255e-01   4.4299966e-01
   5.5355355e-01   4.4308768e-01
   5.5455455e-01   4.4317544e-01
   5.5555556e-01   4.4326293e-01
   5.5655656e-01   4.4335015e-01
   5.5755756e-01   4.4343710e-01
   5.5855856e-01   4.4352376e-01
   5.5955956e-01   4.4361015e-01
   5.6056056e-01   4.4369626e-01
   5.6156156e-01   4.4378208e-01
   5.6256256e-01   4.4386761e-01
   5.6356356e-01   4.4395286e-01
   5.6456456e-01   4.4403782e-01
   5.6556557e-01   4.4412249e-01
   5.6656657e-01   4.4420686e-01
   5.6756757e-01   4.4429093e-01
   5.6856857e-01   4.4437470e-01
   5.6956957e-01   4.4445817e-01
   5.7057057e-01   4.4454134e-01
   5.7157157e-01   4.4462419e-01
   5.7257257e-01   4.4470674e-01
   5.7357357e-01   4.4478898e-01
   5.7457457e-01   4.4487090e-01
   5.7557558e-01   4.4495250e-01
   5.7657658e-01   4.4503379e-01
   5.7757758e-01   4.4511475e-01
   5.7857858e-01   4.4519538e-01
   5.7957958e-01   4.4527569e-01
   5.8058058e-01   4.4535567e-01
   5.8158158e-01   4.4543531e-01
   5.8258258e-01   4.4551462e-01
   5.8358358e-01   4.4559359e-01
   5.8458458e-01   4.4567222e-01
   5.8558559e-01   4.4575051e-01
   5.8658659e-01   4.4582844e-01
   5.8758759e-01   4.4590603e-01
   5.8858859e-01   4.4598327e-01
   5.8958959e-01   4.4606015e-01
   5.9059059e-01   4.4613667e-01
   5.9159159e-01   4.4621283e-01
   5.9259259e-01   4.4628863e-01
   5.9359359e-01   4.4636406e-01
   5.9459459e-01   4.4643912e-01
   5.9559560e-01   4.4651381e-01
   5.9659660e-01   4.4658812e-01
   5.9759760e-01   4.4666205e-01
   5.9859860e-01   4.4673560e-01
   5.9959960e-01   4.4680877e-01
   6.0060060e-01   4.4688154e-01
   6.0160160e-01   4.4695393e-01
   6.0260260e-01   4.4702592e-01
   6.0360360e-01   4.4709751e-01
   6.0460460e-01   4.4716870e-01
   6.0560561e-01   4.4723948e-01
   6.0660661e-01   4.4730986e-01
   6.0760761e-01   4.4737983e-01
   6.0860861e-01   4.4744938e-01
   6.0960961e-01   4.4751852e-01
   6.1061061e-01   4.4758723e-01
   6.1161161e-01   4.4765552e-01
   6.1261261e-01   4.4772338e-01
   6.1361361e-01   4.4779081e-01
   6.1461461e-01   4.4785780e-01
   6.1561562e-01   4.4792435e-01
   6.1661662e-01   4.4799047e-01
   6.1761762e-01   4.4805613e-01
   6.1861862e-01   4.4812135e-01
   6.1961962e-01   4.4818611e-01
   6.2062062e-01   4.4825042e-01
   6.2162162e-01   4.4831426e-01
   6.2262262e-01   4.4837764e-01
   6.2362362e-01   4.4844055e-01
   6.2462462e-01   4.4850299e-01
   6.2562563e-01   4.4856495e-01
   6.2662663e-01   4.4862643e-01
   6.2762763e-01   4.4868743e-01
   6.2862863e-01   4.4874794e-01
   6.2962963e-01   4.4880796e-01
   6.3063063e-01   4.4886748e-01
   6.3163163e-01   4.4892650e-01
   6.3263263e-01   4.4898502e-01
   6.3363363e-01   4.4904302e-01
   6.3463463e-01   4.4910052e-01
   6.3563564e-01   4.4915750e-01
   6.3663664e-01   4.4921395e-01
   6.3763764e-01   4.4926988e-01
   6.3863864e-01   4.4932528e-01
   6.3963964e-01   4.4938015e-01
   6.4064064e-01   4.4943447e-01
   6.4164164e-01   4.4948826e-01
   6.4264264e-01   4.4954149e-01
   6.4364364e-01   4.4959417e-01
   6.4464464e-01   4.4964630e-01
   6.4564565e-01   4.4969786e-01
   6.4664665e-01   4.4974886e-01
   6.4764765e-01   4.4979928e-01
   6.4864865e-01   4.4984913e-01
   6.4964965e-01   4.4989840e-01
   6.5065065e-01   4.4994708e-01
   6.5165165e-01   4.4999517e-01
   6.5265265e-01   4.5004267e-01
   6.5365365e-01   4.5008957e-01
   6.5465465e-01   4.5013585e-01
   6.5565566e-01   4.5018153e-01
   6.5665666e-01   4.5022660e-01
   6.5765766e-01   4.5027104e-01
   6.5865866e-01   4.5031485e-01
   6.5965966e-01   4.5035804e-01
   6.6066066e-01   4.5040058e-01
   6.6166166e-01   4.5044249e-01
   6.6266266e-01   4.5048374e-01
   6.6366366e-01   4.5052434e-01
   6.6466466e-01   4.5056429e-01
   6.6566567e-01   4.5060357e-01
   6.6666667e-01   4.5064218e-01
   6.6766767e-01   4.5068011e-01
   6.6866867e-01   4.5071736e-01
   6.6966967e-01   4.5075392e-01
   6.7067067e-01   4.5078980e-01
   6.7167167e-01   4.5082497e-01
   6.7267267e-01   4.5085943e-01
   6.7367367e-01   4.5089319e-01
   6.7467467e-01   4.5092623e-01
   6.7567568e-01   4.5095854e-01
   6.7667668e-01   4.5099013e-01
   6.7767768e-01   4.5102098e-01
   6.7867868e-01   4.5105108e-01
   6.7967968e-01   4.5108044e-01
   6.8068068e-01   4.5110904e-01
   6.8168168e-01   4.5113688e-01
   6.8268268e-01   4.5116396e-01
   6.8368368e-01   4.5119026e-01
   6.8468468e-01   4.5121577e-01
   6.8568569e-01   4.5124050e-01
   6.8668669e-01   4.5126444e-01
   6.8768769e-01   4.5128757e-01
   6.8868869e-01   4.5130989e-01
   6.8968969e-01   4.5133140e-01
   6.9069069e-01   4.5135208e-01
   6.9169169e-01   4.5137193e-01
   6.9269269e-01   4.5139095e-01
   6.9369369e-01   4.5140912e-01
   6.9469469e-01   4.5142644e-01
   6.9569570e-01   4.5144290e-01
   6.9669670e-01   4.5145849e-01
   6.9769770e-01   4.5147320e-01
   6.9869870e-01   4.5148704e-01
   6.9969970e-01   4.5149998e-01
   7.0070070e-01   4.5151202e-01
   7.0170170e-01   4.5152316e-01
   7.0270270e-01   4.5153339e-01
   7.0370370e-01   4.5154269e-01
   7.0470470e-01   4.5155106e-01
   7.0570571e-01   4.5155850e-01
   7.0670671e-01   4.5156498e-01
   7.0770771e-01   4.5157051e-01
   7.0870871e-01   4.5157508e-01
   7.0970971e-01   4.5157868e-01
   7.1071071e-01   4.5158129e-01
   7.1171171e-01   4.5158291e-01
   7.1271271e-01   4.5158354e-01
   7.1371371e-01   4.5158315e-01
   7.1471471e-01   4.5158175e-01
   7.1571572e-01   4.5157933e-01
   7.1671672e-01   4.5157586e-01
   7.1771772e-01   4.5157136e-01
   7.1871872e-01   4.5156580e-01
   7.1971972e-01   4.5155917e-01
   7.2072072e-01   4.5155148e-01
   7.2172172e-01   4.5154270e-01
   7.2272272e-01   4.5153282e-01
   7.2372372e-01   4.5152185e-01
   7.2472472e-01   4.5150976e-01
   7.2572573e-01   4.5149655e-01
   7.2672673e-01   4.5148221e-01
   7.2772773e-01   4.5146672e-01
   7.2872873e-01   4.5145008e-01
   7.2972973e-01   4.5143227e-01
   7.3073073e-01   4.5141329e-01
   7.3173173e-01   4.5139312e-01
   7.3273273e-01   4.5137176e-01
   7.3373373e-01   4.5134918e-01
   7.3473473e-01   4.5132539e-01
   7.3573574e-01   4.5130037e-01
   7.3673674e-01   4.5127410e-01
   7.3773774e-01   4.5124659e-01
   7.3873874e-01   4.5121780e-01
   7.3973974e-01   4.5118774e-01
   7.4074074e-01   4.5115639e-01
   7.4174174e-01   4.5112374e-01
   7.4274274e-01   4.5108978e-01
   7.4374374e-01   4.5105449e-01
   7.4474474e-01   4.5101786e-01
   7.4574575e-01   4.5097988e-01
   7.4674675e-01   4.5094054e-01
   7.4774775e-01   4.5089982e-01
   7.4874875e-01   4.5085772e-01
   7.4974975e-01   4.5081421e-01
   7.5075075e-01   4.5076928e-01
   7.5175175e-01   4.5072293e-01
   7.5275275e-01   4.5067513e-01
   7.5375375e-01   4.5062587e-01
   7.5475475e-01   4.5057515e-01
   7.5575576e-01   4.5052294e-01
   7.5675676e-01   4.5046923e-01
   7.5775776e-01   4.5041401e-01
   7.5875876e-01   4.5035726e-01
   7.5975976e-01   4.5029896e-01
   7.6076076e-01   4.5023911e-01
   7.6176176e-01   4.5017769e-01
   7.6276276e-01   4.5011467e-01
   7.6376376e-01   4.5005005e-01
   7.6476476e-01   4.4998382e-01
   7.6576577e-01   4.4991595e-01
   7.6676677e-01   4.4984642e-01
   7.6776777e-01   4.4977523e-01
   7.6876877e-01   4.4970236e-01
   7.6976977e-01   4.4962778e-01
   7.7077077e-01   4.4955149e-01
   7.7177177e-01   4.4947346e-01
   7.7277277e-01   4.4939368e-01
   7.7377377e-01   4.4931213e-01
   7.7477477e-01   4.4922880e-01
   7.7577578e-01   4.4914366e-01
   7.7677678e-01   4.4905669e-01
   7.7777778e-01   4.4896789e-01
   7.7877878e-01   4.4887723e-01
   7.7977978e-01   4.4878469e-01
   7.8078078e-01   4.4869025e-01
   7.8178178e-01   4.4859389e-01
   7.8278278e-01   4.4849560e-01
   7.8378378e-01   4.4839535e-01
   7.8478478e-01   4.4829313e-01
   7.8578579e-01   4.4818891e-01
   7.8678679e-01   4.4808268e-01
   7.8778779e-01   4.4797441e-01
   7.8878879e-01   4.4786408e-01
   7.8978979e-01   4.4775167e-01
   7.9079079e-01   4.4763716e-01
   7.9179179e-01   4.4752053e-01
   7.9279279e-01   4.4740175e-01
   7.9379379e-01   4.4728081e-01
   7.9479479e-01   4.4715767e-01
   7.9579580e-01   4.4703233e-01
   7.9679680e-01   4.4690474e-01
   7.9779780e-01   4.4677490e-01
   7.9879880e-01   4.4664278e-01
   7.9979980e-01   4.4650835e-01
   8.0080080e-01   4.4637158e-01
   8.0180180e-01   4.4623246e-01
   8.0280280e-01   4.4609096e-01
   8.0380380e-01   4.4594705e-01
   8.0480480e-01   4.4580071e-01
   8.0580581e-01   4.4565191e-01
   8.0680681e-01   4.4550062e-01
   8.0780781e-01   4.4534682e-01
   8.0880881e-01   4.4519048e-01
   8.0980981e-01   4.4503157e-01
   8.1081081e-01   4.4487006e-01
   8.1181181e-01   4.4470594e-01
   8.1281281e-01   4.4453915e-01
   8.1381381e-01   4.4436969e-01
   8.1481481e-01   4.4419751e-01
   8.1581582e-01   4.4402260e-01
   8.1681682e-01   4.4384491e-01
   8.1781782e-01   4.4366441e-01
   8.1881882e-01   4.4348109e-01
   8.1981982e-01   4.4329489e-01
   8.2082082e-01   4.4310580e-01
   8.2182182e-01   4.4291378e-01
   8.2282282e-01   4.4271879e-01
   8.2382382e-01   4.4252081e-01
   8.2482482e-01   4.4231979e-01
   8.2582583e-01   4.4211570e-01
   8.2682683e-01   4.4190852e-01
   8.2782783e-01   4.4169819e-01
   8.2882883e-01   4.4148469e-01
   8.2982983e-01   4.4126798e-01
   8.3083083e-01   4.4104803e-01
   8.3183183e-01   4.4082479e-01
   8.3283283e-01   4.4059822e-01
   8.3383383e-01   4.4036829e-01
   8.3483483e-01   4.4013496e-01
   8.3583584e-01   4.3989818e-01
   8.3683684e-01   4.3965792e-01
   8.3783784e-01   4.3941413e-01
   8.3883884e-01   4.3916678e-01
   8.3983984e-01   4.3891582e-01
   8.4084084e-01   4.3866120e-01
   8.4184184e-01   4.3840288e-01
   8.4284284e-01   4.3814083e-01
   8.4384384e-01   4.3787498e-01
   8.4484484e-01   4.3760530e-01
   8.4584585e-01   4.3733173e-01
   8.4684685e-01   4.3705424e-01
   8.4784785e-01   4.3677277e-01
   8.4884885e-01   4.3648727e-01
   8.4984985e-01   4.3619769e-01
   8.5085085e-01   4.3590399e-01
   8.5185185e-01   4.3560610e-01
   8.5285285e-01   4.3530398e-01
   8.5385385e-01   4.3499757e-01
   8.5485485e-01   4.3468683e-01
   8.5585586e-01   4.3437168e-01
   8.5685686e-01   4.3405208e-01
   8.5785786e-01   4.3372797e-01
   8.5885886e-01   4.3339928e-01
   8.5985986e-01   4.3306597e-01
   8.6086086e-01   4.3272797e-01
   8.6186186e-01   4.3238522e-01
   8.6286286e-01   4.3203765e-01
   8.6386386e-01   4.3168521e-01
   8.6486486e-01   4.3132782e-01
   8.6586587e-01   4.3096542e-01
   8.6686687e-01   4.3059795e-01
   8.6786787e-01   4.3022533e-01
   8.6886887e-01   4.2984750e-01
   8.6986987e-01   4.2946438e-01
   8.7087087e-01   4.2907591e-01
   8.7187187e-01   4.2868200e-01
   8.7287287e-01   4.2828258e-01
   8.7387387e-01   4.2787758e-01
   8.7487487e-01   4.2746692e-01
   8.7587588e-01   4.2705052e-01
   8.7687688e-01   4.2662829e-01
   8.7787788e-01   4.2620015e-01
   8.7887888e-01   4.2576603e-01
   8.7987988e-01   4.2532583e-01
   8.8088088e-01   4.2487946e-01
   8.8188188e-01   4.2442684e-01
   8.8288288e-01   4.2396787e-01
   8.8388388e-01   4.2350247e-01
   8.8488488e-01   4.2303053e-01
   8.8588589e-01   4.2255195e-01
   8.8688689e-01   4.2206665e-01
   8.8788789e-01   4.2157451e-01
   8.8888889e-01   4.2107544e-01
   8.8988989e-01   4.2056932e-01
   8.9089089e-01   4.2005605e-01
   8.9189189e-01   4.1953553e-01
   8.9289289e-01   4.1900762e-01
   8.9389389e-01   4.1847223e-01
   8.9489489e-01   4.1792923e-01
   8.9589590e-01   4.1737850e-01
   8.9689690e-01   4.1681992e-01
   8.9789790e-01   4.1625336e-01
   8.9889890e-01   4.1567869e-01
   8.9989990e-01   4.1509578e-01
   9.0090090e-01   4.1450450e-01
   9.0190190e-01   4.1390470e-01
   9.0290290e-01   4.1329624e-01
   9.0390390e-01   4.1267898e-01
   9.0490490e-01   4.1205277e-01
   9.0590591e-01   4.1141745e-01
   9.0690691e-01   4.1077287e-01
   9.0790791e-01   4.1011887e-01
   9.0890891e-01   4.0945528e-01
   9.0990991e-01   4.0878193e-01
   9.1091091e-01   4.0809866e-01
   9.1191191e-01   4.0740527e-01
   9.1291291e-01   4.0670159e-01
   9.1391391e-01   4.0598744e-01
   9.1491491e-01   4.0526261e-01
   9.1591592e-01   4.0452690e-01
   9.1691692e-01   4.0378013e-01
   9.1791792e-01   4.0302206e-01
   9.1891892e-01   4.0225250e-01
   9.1991992e-01   4.0147121e-01
   9.2092092e-01   4.0067797e-01
   9.2192192e-01   3.9987255e-01
   9.2292292e-01   3.9905469e-01
   9.2392392e-01   3.9822415e-01
   9.2492492e-01   3.9738068e-01
   9.2592593e-01   3.9652400e-01
   9.2692693e-01   3.9565385e-01
   9.2792793e-01   3.9476993e-01
   9.2892893e-01   3.9387196e-01
   9.2992993e-01   3.9295963e-01
   9.3093093e-01   3.9203264e-01
   9.3193193e-01   3.9109066e-01
   9.3293293e-01   3.9013335e-01
   9.3393393e-01   3.8916038e-01
   9.3493493e-01   3.8817138e-01
   9.3593594e-01   3.8716598e-01
   9.3693694e-01   3.8614380e-01
   9.3793794e-01   3.8510443e-01
   9.3893894e-01   3.8404747e-01
   9.3993994e-01   3.8297249e-01
   9.4094094e-01   3.8187904e-01
   9.4194194e-01   3.8076665e-01
   9.4294294e-01   3.7963484e-01
   9.4394394e-01   3.7848311e-01
   9.4494494e-01   3.7731093e-01
   9.4594595e-01   3.7611776e-01
   9.4694695e-01   3.7490303e-01
   9.4794795e-01   3.7366613e-01
   9.4894895e-01   3.7240645e-01
   9.4994995e-01   3.7112333e-01
   9.5095095e-01   3.6981610e-01
   9.5195195e-01   3.6848403e-01
   9.5295295e-01   3.6712637e-01
   9.5395395e-01   3.6574234e-01
   9.5495495e-01   3.6433111e-01
   9.5595596e-01   3.6289179e-01
   9.5695696e-01   3.6142348e-01
   9.5795796e-01   3.5992520e-01
   9.5895896e-01   3.5839592e-01
   9.5995996e-01   3.5683456e-01
   9.6096096e-01   3.5523996e-01
   9.6196196e-01   3.5361091e-01
   9.6296296e-01   3.5194611e-01
   9.6396396e-01   3.5024417e-01
   9.6496496e-01   3.4850362e-01
   9.6596597e-01   3.4672290e-01
   9.6696697e-01   3.4490030e-01
   9.6796797e-01   3.4303403e-01
   9.6896897e-01   3.4112213e-01
   9.6996997e-01   3.3916252e-01
   9.7097097e-01   3.3715293e-01
   9.7197197e-01   3.3509091e-01
   9.7297297e-01   3.3297378e-01
   9.7397397e-01   3.3079865e-01
   9.7497497e-01   3.2856235e-01
   9.7597598e-01   3.2626138e-01
   9.7697698e-01   3.2389190e-01
   9.7797798e-01   3.2144968e-01
   9.7897898e-01   3.1893000e-01
   9.7997998e-01   3.1632757e-01
   9.8098098e-01   3.1363649e-01
   9.8198198e-01   3.1085008e-01
   9.8298298e-01   3.0796073e-01
   9.8398398e-01   3.0495975e-01
   9.8498498e-01   3.0183706e-01
   9.8598599e-01   2.9858096e-01
   9.8698699e-01   2.9517763e-01
   9.8798799e-01   2.9161060e-01
   9.8898899e-01   2.8785996e-01
   9.8998999e-01   2.8390122e-01
   9.9099099e-01   2.7970371e-01
   9.9199199e-01   2.7522806e-01
   9.9299299e-01   2.7042231e-01
   9.9399399e-01   2.6521533e-01
   9.9499499e-01   2.5950502e-01
   9.9599600e-01   2.5313521e-01
   9.9699700e-01   2.4584385e-01
   9.9799800e-01   2.3712161e-01
   9.9899900e-01   2.2565788e-01
   1.0000000e+00   1.9772109e-01
