  -2.9150000e+01   1.8347000e+01
  -2.9120821e+01   1.8328634e+01
  -2.9091642e+01   1.8310267e+01
  -2.9062462e+01   1.8291901e+01
  -2.9033283e+01   1.8273535e+01
  -2.9004104e+01   1.8255168e+01
  -2.8974925e+01   1.8236802e+01
  -2.8945746e+01   1.8218435e+01
  -2.8916567e+01   1.8200069e+01
  -2.8887387e+01   1.8181703e+01
  -2.8858208e+01   1.8163336e+01
  -2.8829029e+01   1.8144970e+01
  -2.8799850e+01   1.8126604e+01
  -2.8770671e+01   1.8108237e+01
  -2.8741491e+01   1.8089871e+01
  -2.8712312e+01   1.8071504e+01
  -2.8683133e+01   1.8053138e+01
  -2.8653954e+01   1.8034772e+01
  -2.8624775e+01   1.8016405e+01
  -2.8595596e+01   1.7998039e+01
  -2.8566416e+01   1.7979673e+01
  -2.8537237e+01   1.7961306e+01
  -2.8508058e+01   1.7942940e+01
  -2.8478879e+01   1.7924573e+01
  -2.8449700e+01   1.7906207e+01
  -2.8420521e+01   1.7887841e+01
  -2.8391341e+01   1.7869474e+01
  -2.8362162e+01   1.7851108e+01
  -2.8332983e+01   1.7832742e+01
  -2.8303804e+01   1.7814375e+01
  -2.8274625e+01   1.7796009e+01
  -2.8245445e+01   1.7777643e+01
  -2.8216266e+01   1.7759276e+01
  -2.8187087e+01   1.7740910e+01
  -2.8157908e+01   1.7722543e+01
  -2.8128729e+01   1.7704177e+01
  -2.8099550e+01   1.7685811e+01
  -2.8070370e+01   1.7667444e+01
  -2.8041191e+01   1.7649078e+01
  -2.8012012e+01   1.7630712e+01
  -2.7982833e+01   1.7612345e+01
  -2.7953654e+01   1.7593979e+01
  -2.7924474e+01   1.7575612e+01
  -2.7895295e+01   1.7557246e+01
  -2.7866116e+01   1.7538880e+01
  -2.7836937e+01   1.7520513e+01
  -2.7807758e+01   1.7502147e+01
  -2.7778579e+01   1.7483781e+01
  -2.7749399e+01   1.7465414e+01
  -2.7720220e+01   1.7447048e+01
  -2.7691041e+01   1.7428681e+01
  -2.7661862e+01   1.7410315e+01
  -2.7632683e+01   1.7391949e+01
  -2.7603504e+01   1.7373582e+01
  -2.7574324e+01   1.7355216e+01
  -2.7545145e+01   1.7336850e+01
  -2.7515966e+01   1.7318483e+01
  -2.7486787e+01   1.7300117e+01
  -2.7457608e+01   1.7281751e+01
  -2.7428428e+01   1.7263384e+01
  -2.7399249e+01   1.7245018e+01
  -2.7370070e+01   1.7226651e+01
  -2.7340891e+01   1.7208285e+01
  -2.7311712e+01   1.7189919e+01
  -2.7282533e+01   1.7171552e+01
  -2.7253353e+01   1.7153186e+01
  -2.7224174e+01   1.7134820e+01
  -2.7194995e+01   1.7116453e+01
  -2.7165816e+01   1.7098087e+01
  -2.7136637e+01   1.7079720e+01
  -2.7107457e+01   1.7061354e+01
  -2.7078278e+01   1.7042988e+01
  -2.7049099e+01   1.7024621e+01
  -2.7019920e+01   1.7006255e+01
  -2.6990741e+01   1.6987889e+01
  -2.6961562e+01   1.6969522e+01
  -2.6932382e+01   1.6951156e+01
  -2.6903203e+01   1.6932789e+01
  -2.6874024e+01   1.6914423e+01
  -2.6844845e+01   1.6896057e+01
  -2.6815666e+01   1.6877690e+01
  -2.6786486e+01   1.6859324e+01
  -2.6757307e+01   1.6840958e+01
  -2.6728128e+01   1.6822591e+01
  -2.6698949e+01   1.6804225e+01
  -2.6669770e+01   1.6785859e+01
  -2.6640591e+01   1.6767492e+01
  -2.6611411e+01   1.6749126e+01
  -2.6582232e+01   1.6730759e+01
  -2.6553053e+01   1.6712393e+01
  -2.6523874e+01   1.6694027e+01
  -2.6494695e+01   1.6675660e+01
  -2.6465516e+01   1.6657294e+01
  -2.6436336e+01   1.6638928e+01
  -2.6407157e+01   1.6620561e+01
  -2.6377978e+01   1.6602195e+01
  -2.6348799e+01   1.6583828e+01
  -2.6319620e+01   1.6565462e+01
  -2.6290440e+01   1.6547096e+01
  -2.6261261e+01   1.6528729e+01
  -2.6232082e+01   1.6510363e+01
  -2.6202903e+01   1.6491997e+01
  -2.6173724e+01   1.6473630e+01
  -2.6144545e+01   1.6455264e+01
  -2.6115365e+01   1.6436897e+01
  -2.6086186e+01   1.6418531e+01
  -2.6057007e+01   1.6400165e+01
  -2.6027828e+01   1.6381798e+01
  -2.5998649e+01   1.6363432e+01
  -2.5969469e+01   1.6345066e+01
  -2.5940290e+01   1.6326699e+01
  -2.5911111e+01   1.6308333e+01
  -2.5881932e+01   1.6289966e+01
  -2.5852753e+01   1.6271600e+01
  -2.5823574e+01   1.6253234e+01
  -2.5794394e+01   1.6234867e+01
  -2.5765215e+01   1.6216501e+01
  -2.5736036e+01   1.6198135e+01
  -2.5706857e+01   1.6179768e+01
  -2.5677678e+01   1.6161402e+01
  -2.5648498e+01   1.6143036e+01
  -2.5619319e+01   1.6124669e+01
  -2.5590140e+01   1.6106303e+01
  -2.5560961e+01   1.6087936e+01
  -2.5531782e+01   1.6069570e+01
  -2.5502603e+01   1.6051204e+01
  -2.5473423e+01   1.6032837e+01
  -2.5444244e+01   1.6014471e+01
  -2.5415065e+01   1.5996105e+01
  -2.5385886e+01   1.5977738e+01
  -2.5356707e+01   1.5959372e+01
  -2.5327528e+01   1.5941005e+01
  -2.5298348e+01   1.5922639e+01
  -2.5269169e+01   1.5904273e+01
  -2.5239990e+01   1.5885906e+01
  -2.5210811e+01   1.5867540e+01
  -2.5181632e+01   1.5849174e+01
  -2.5152452e+01   1.5830807e+01
  -2.5123273e+01   1.5812441e+01
  -2.5094094e+01   1.5794074e+01
  -2.5064915e+01   1.5775708e+01
  -2.5035736e+01   1.5757342e+01
  -2.5006557e+01   1.5738975e+01
  -2.4977377e+01   1.5720609e+01
  -2.4948198e+01   1.5702243e+01
  -2.4919019e+01   1.5683876e+01
  -2.4889840e+01   1.5665510e+01
  -2.4860661e+01   1.5647144e+01
  -2.4831481e+01   1.5628777e+01
  -2.4802302e+01   1.5610411e+01
  -2.4773123e+01   1.5592044e+01
  -2.4743944e+01   1.5573678e+01
  -2.4714765e+01   1.5555312e+01
  -2.4685586e+01   1.5536945e+01
  -2.4656406e+01   1.5518579e+01
  -2.4627227e+01   1.5500213e+01
  -2.4598048e+01   1.5481846e+01
  -2.4568869e+01   1.5463480e+01
  -2.4539690e+01   1.5445113e+01
  -2.4510511e+01   1.5426747e+01
  -2.4481331e+01   1.5408381e+01
  -2.4452152e+01   1.5390014e+01
  -2.4422973e+01   1.5371648e+01
  -2.4393794e+01   1.5353282e+01
  -2.4364615e+01   1.5334915e+01
  -2.4335435e+01   1.5316549e+01
  -2.4306256e+01   1.5298182e+01
  -2.4277077e+01   1.5279816e+01
  -2.4247898e+01   1.5261450e+01
  -2.4218719e+01   1.5243083e+01
  -2.4189540e+01   1.5224717e+01
  -2.4160360e+01   1.5206351e+01
  -2.4131181e+01   1.5187984e+01
  -2.4102002e+01   1.5169618e+01
  -2.4072823e+01   1.5151252e+01
  -2.4043644e+01   1.5132885e+01
  -2.4014464e+01   1.5114519e+01
  -2.3985285e+01   1.5096152e+01
  -2.3956106e+01   1.5077786e+01
  -2.3926927e+01   1.5059420e+01
  -2.3897748e+01   1.5041053e+01
  -2.3868569e+01   1.5022687e+01
  -2.3839389e+01   1.5004321e+01
  -2.3810210e+01   1.4985954e+01
  -2.3781031e+01   1.4967588e+01
  -2.3751852e+01   1.4949221e+01
  -2.3722673e+01   1.4930855e+01
  -2.3693493e+01   1.4912489e+01
  -2.3664314e+01   1.4894122e+01
  -2.3635135e+01   1.4875756e+01
  -2.3605956e+01   1.4857390e+01
  -2.3576777e+01   1.4839023e+01
  -2.3547598e+01   1.4820657e+01
  -2.3518418e+01   1.4802290e+01
  -2.3489239e+01   1.4783924e+01
  -2.3460060e+01   1.4765558e+01
  -2.3430881e+01   1.4747191e+01
  -2.3401702e+01   1.4728825e+01
  -2.3372523e+01   1.4710459e+01
  -2.3343343e+01   1.4692092e+01
  -2.3314164e+01   1.4673726e+01
  -2.3284985e+01   1.4655360e+01
  -2.3255806e+01   1.4636993e+01
  -2.3226627e+01   1.4618627e+01
  -2.3197447e+01   1.4600260e+01
  -2.3168268e+01   1.4581894e+01
  -2.3139089e+01   1.4563528e+01
  -2.3109910e+01   1.4545161e+01
  -2.3080731e+01   1.4526795e+01
  -2.3051552e+01   1.4508429e+01
  -2.3022372e+01   1.4490062e+01
  -2.2993193e+01   1.4471696e+01
  -2.2964014e+01   1.4453329e+01
  -2.2934835e+01   1.4434963e+01
  -2.2905656e+01   1.4416597e+01
  -2.2876476e+01   1.4398230e+01
  -2.2847297e+01   1.4379864e+01
  -2.2818118e+01   1.4361498e+01
  -2.2788939e+01   1.4343131e+01
  -2.2759760e+01   1.4324765e+01
  -2.2730581e+01   1.4306398e+01
  -2.2701401e+01   1.4288032e+01
  -2.2672222e+01   1.4269666e+01
  -2.2643043e+01   1.4251299e+01
  -2.2613864e+01   1.4232933e+01
  -2.2584685e+01   1.4214567e+01
  -2.2555506e+01   1.4196200e+01
  -2.2526326e+01   1.4177834e+01
  -2.2497147e+01   1.4159468e+01
  -2.2467968e+01   1.4141101e+01
  -2.2438789e+01   1.4122735e+01
  -2.2409610e+01   1.4104368e+01
  -2.2380430e+01   1.4086002e+01
  -2.2351251e+01   1.4067636e+01
  -2.2322072e+01   1.4049269e+01
  -2.2292893e+01   1.4030903e+01
  -2.2263714e+01   1.4012537e+01
  -2.2234535e+01   1.3994170e+01
  -2.2205355e+01   1.3975804e+01
  -2.2176176e+01   1.3957437e+01
  -2.2146997e+01   1.3939071e+01
  -2.2117818e+01   1.3920705e+01
  -2.2088639e+01   1.3902338e+01
  -2.2059459e+01   1.3883972e+01
  -2.2030280e+01   1.3865606e+01
  -2.2001101e+01   1.3847239e+01
  -2.1971922e+01   1.3828873e+01
  -2.1942743e+01   1.3810506e+01
  -2.1913564e+01   1.3792140e+01
  -2.1884384e+01   1.3773774e+01
  -2.1855205e+01   1.3755407e+01
  -2.1826026e+01   1.3737041e+01
  -2.1796847e+01   1.3718675e+01
  -2.1767668e+01   1.3700308e+01
  -2.1738488e+01   1.3681942e+01
  -2.1709309e+01   1.3663576e+01
  -2.1680130e+01   1.3645209e+01
  -2.1650951e+01   1.3626843e+01
  -2.1621772e+01   1.3608476e+01
  -2.1592593e+01   1.3590110e+01
  -2.1563413e+01   1.3571744e+01
  -2.1534234e+01   1.3553377e+01
  -2.1505055e+01   1.3535011e+01
  -2.1475876e+01   1.3516645e+01
  -2.1446697e+01   1.3498278e+01
  -2.1417518e+01   1.3479912e+01
  -2.1388338e+01   1.3461545e+01
  -2.1359159e+01   1.3443179e+01
  -2.1329980e+01   1.3424813e+01
  -2.1300801e+01   1.3406446e+01
  -2.1271622e+01   1.3388080e+01
  -2.1242442e+01   1.3369714e+01
  -2.1213263e+01   1.3351347e+01
  -2.1184084e+01   1.3332981e+01
  -2.1154905e+01   1.3314614e+01
  -2.1125726e+01   1.3296248e+01
  -2.1096547e+01   1.3277882e+01
  -2.1067367e+01   1.3259515e+01
  -2.1038188e+01   1.3241149e+01
  -2.1009009e+01   1.3222783e+01
  -2.0979830e+01   1.3204416e+01
  -2.0950651e+01   1.3186050e+01
  -2.0921471e+01   1.3167684e+01
  -2.0892292e+01   1.3149317e+01
  -2.0863113e+01   1.3130951e+01
  -2.0833934e+01   1.3112584e+01
  -2.0804755e+01   1.3094218e+01
  -2.0775576e+01   1.3075852e+01
  -2.0746396e+01   1.3057485e+01
  -2.0717217e+01   1.3039119e+01
  -2.0688038e+01   1.3020753e+01
  -2.0658859e+01   1.3002386e+01
  -2.0629680e+01   1.2984020e+01
  -2.0600501e+01   1.2965653e+01
  -2.0571321e+01   1.2947287e+01
  -2.0542142e+01   1.2928921e+01
  -2.0512963e+01   1.2910554e+01
  -2.0483784e+01   1.2892188e+01
  -2.0454605e+01   1.2873822e+01
  -2.0425425e+01   1.2855455e+01
  -2.0396246e+01   1.2837089e+01
  -2.0367067e+01   1.2818722e+01
  -2.0337888e+01   1.2800356e+01
  -2.0308709e+01   1.2781990e+01
  -2.0279530e+01   1.2763623e+01
  -2.0250350e+01   1.2745257e+01
  -2.0221171e+01   1.2726891e+01
  -2.0191992e+01   1.2708524e+01
  -2.0162813e+01   1.2690158e+01
  -2.0133634e+01   1.2671792e+01
  -2.0104454e+01   1.2653425e+01
  -2.0075275e+01   1.2635059e+01
  -2.0046096e+01   1.2616692e+01
  -2.0016917e+01   1.2598326e+01
  -1.9987738e+01   1.2579960e+01
  -1.9958559e+01   1.2561593e+01
  -1.9929379e+01   1.2543227e+01
  -1.9900200e+01   1.2524861e+01
  -1.9871021e+01   1.2506494e+01
  -1.9841842e+01   1.2488128e+01
  -1.9812663e+01   1.2469761e+01
  -1.9783483e+01   1.2451395e+01
  -1.9754304e+01   1.2433029e+01
  -1.9725125e+01   1.2414662e+01
  -1.9695946e+01   1.2396296e+01
  -1.9666767e+01   1.2377930e+01
  -1.9637588e+01   1.2359563e+01
  -1.9608408e+01   1.2341197e+01
  -1.9579229e+01   1.2322830e+01
  -1.9550050e+01   1.2304464e+01
  -1.9520871e+01   1.2286098e+01
  -1.9491692e+01   1.2267731e+01
  -1.9462513e+01   1.2249365e+01
  -1.9433333e+01   1.2230999e+01
  -1.9404154e+01   1.2212632e+01
  -1.9374975e+01   1.2194266e+01
  -1.9345796e+01   1.2175899e+01
  -1.9316617e+01   1.2157533e+01
  -1.9287437e+01   1.2139167e+01
  -1.9258258e+01   1.2120800e+01
  -1.9229079e+01   1.2102434e+01
  -1.9199900e+01   1.2084068e+01
  -1.9170721e+01   1.2065701e+01
  -1.9141542e+01   1.2047335e+01
  -1.9112362e+01   1.2028969e+01
  -1.9083183e+01   1.2010602e+01
  -1.9054004e+01   1.1992236e+01
  -1.9024825e+01   1.1973869e+01
  -1.8995646e+01   1.1955503e+01
  -1.8966466e+01   1.1937137e+01
  -1.8937287e+01   1.1918770e+01
  -1.8908108e+01   1.1900404e+01
  -1.8878929e+01   1.1882038e+01
  -1.8849750e+01   1.1863671e+01
  -1.8820571e+01   1.1845305e+01
  -1.8791391e+01   1.1826938e+01
  -1.8762212e+01   1.1808572e+01
  -1.8733033e+01   1.1790206e+01
  -1.8703854e+01   1.1771839e+01
  -1.8674675e+01   1.1753473e+01
  -1.8645495e+01   1.1735107e+01
  -1.8616316e+01   1.1716740e+01
  -1.8587137e+01   1.1698374e+01
  -1.8557958e+01   1.1680007e+01
  -1.8528779e+01   1.1661641e+01
  -1.8499600e+01   1.1643275e+01
  -1.8470420e+01   1.1624908e+01
  -1.8441241e+01   1.1606542e+01
  -1.8412062e+01   1.1588176e+01
  -1.8382883e+01   1.1569809e+01
  -1.8353704e+01   1.1551443e+01
  -1.8324525e+01   1.1533077e+01
  -1.8295345e+01   1.1514710e+01
  -1.8266166e+01   1.1496344e+01
  -1.8236987e+01   1.1477977e+01
  -1.8207808e+01   1.1459611e+01
  -1.8178629e+01   1.1441245e+01
  -1.8149449e+01   1.1422878e+01
  -1.8120270e+01   1.1404512e+01
  -1.8091091e+01   1.1386146e+01
  -1.8061912e+01   1.1367779e+01
  -1.8032733e+01   1.1349413e+01
  -1.8003554e+01   1.1331046e+01
  -1.7974374e+01   1.1312680e+01
  -1.7945195e+01   1.1294314e+01
  -1.7916016e+01   1.1275947e+01
  -1.7886837e+01   1.1257581e+01
  -1.7857658e+01   1.1239215e+01
  -1.7828478e+01   1.1220848e+01
  -1.7799299e+01   1.1202482e+01
  -1.7770120e+01   1.1184115e+01
  -1.7740941e+01   1.1165749e+01
  -1.7711762e+01   1.1147383e+01
  -1.7682583e+01   1.1129016e+01
  -1.7653403e+01   1.1110650e+01
  -1.7624224e+01   1.1092284e+01
  -1.7595045e+01   1.1073917e+01
  -1.7565866e+01   1.1055551e+01
  -1.7536687e+01   1.1037185e+01
  -1.7507508e+01   1.1018818e+01
  -1.7478328e+01   1.1000452e+01
  -1.7449149e+01   1.0982085e+01
  -1.7419970e+01   1.0963719e+01
  -1.7390791e+01   1.0945353e+01
  -1.7361612e+01   1.0926986e+01
  -1.7332432e+01   1.0908620e+01
  -1.7303253e+01   1.0890254e+01
  -1.7274074e+01   1.0871887e+01
  -1.7244895e+01   1.0853521e+01
  -1.7215716e+01   1.0835154e+01
  -1.7186537e+01   1.0816788e+01
  -1.7157357e+01   1.0798422e+01
  -1.7128178e+01   1.0780055e+01
  -1.7098999e+01   1.0761689e+01
  -1.7069820e+01   1.0743323e+01
  -1.7040641e+01   1.0724956e+01
  -1.7011461e+01   1.0706590e+01
  -1.6982282e+01   1.0688223e+01
  -1.6953103e+01   1.0669857e+01
  -1.6923924e+01   1.0651491e+01
  -1.6894745e+01   1.0633124e+01
  -1.6865566e+01   1.0614758e+01
  -1.6836386e+01   1.0596392e+01
  -1.6807207e+01   1.0578025e+01
  -1.6778028e+01   1.0559659e+01
  -1.6748849e+01   1.0541293e+01
  -1.6719670e+01   1.0522926e+01
  -1.6690490e+01   1.0504560e+01
  -1.6661311e+01   1.0486193e+01
  -1.6632132e+01   1.0467827e+01
  -1.6602953e+01   1.0449461e+01
  -1.6573774e+01   1.0431094e+01
  -1.6544595e+01   1.0412728e+01
  -1.6515415e+01   1.0394362e+01
  -1.6486236e+01   1.0375995e+01
  -1.6457057e+01   1.0357629e+01
  -1.6427878e+01   1.0339262e+01
  -1.6398699e+01   1.0320896e+01
  -1.6369520e+01   1.0302530e+01
  -1.6340340e+01   1.0284163e+01
  -1.6311161e+01   1.0265797e+01
  -1.6281982e+01   1.0247431e+01
  -1.6252803e+01   1.0229064e+01
  -1.6223624e+01   1.0210698e+01
  -1.6194444e+01   1.0192331e+01
  -1.6165265e+01   1.0173965e+01
  -1.6136086e+01   1.0155599e+01
  -1.6106907e+01   1.0137232e+01
  -1.6077728e+01   1.0118866e+01
  -1.6048549e+01   1.0100500e+01
  -1.6019369e+01   1.0082133e+01
  -1.5990190e+01   1.0063767e+01
  -1.5961011e+01   1.0045401e+01
  -1.5931832e+01   1.0027034e+01
  -1.5902653e+01   1.0008668e+01
  -1.5873473e+01   9.9903014e+00
  -1.5844294e+01   9.9719350e+00
  -1.5815115e+01   9.9535687e+00
  -1.5785936e+01   9.9352023e+00
  -1.5756757e+01   9.9168359e+00
  -1.5727578e+01   9.8984695e+00
  -1.5698398e+01   9.8801032e+00
  -1.5669219e+01   9.8617368e+00
  -1.5640040e+01   9.8433704e+00
  -1.5610861e+01   9.8250041e+00
  -1.5581682e+01   9.8066377e+00
  -1.5552503e+01   9.7882713e+00
  -1.5523323e+01   9.7699050e+00
  -1.5494144e+01   9.7515386e+00
  -1.5464965e+01   9.7331722e+00
  -1.5435786e+01   9.7148058e+00
  -1.5406607e+01   9.6964395e+00
  -1.5377427e+01   9.6780731e+00
  -1.5348248e+01   9.6597067e+00
  -1.5319069e+01   9.6413404e+00
  -1.5289890e+01   9.6229740e+00
  -1.5260711e+01   9.6046076e+00
  -1.5231532e+01   9.5862412e+00
  -1.5202352e+01   9.5678749e+00
  -1.5173173e+01   9.5495085e+00
  -1.5143994e+01   9.5311421e+00
  -1.5114815e+01   9.5127758e+00
  -1.5085636e+01   9.4944094e+00
  -1.5056456e+01   9.4760430e+00
  -1.5027277e+01   9.4576767e+00
  -1.4998098e+01   9.4393103e+00
  -1.4968919e+01   9.4209439e+00
  -1.4939740e+01   9.4025775e+00
  -1.4910561e+01   9.3842112e+00
  -1.4881381e+01   9.3658448e+00
  -1.4852202e+01   9.3474784e+00
  -1.4823023e+01   9.3291121e+00
  -1.4793844e+01   9.3107457e+00
  -1.4764665e+01   9.2923793e+00
  -1.4735485e+01   9.2740129e+00
  -1.4706306e+01   9.2556466e+00
  -1.4677127e+01   9.2372802e+00
  -1.4647948e+01   9.2189138e+00
  -1.4618769e+01   9.2005475e+00
  -1.4589590e+01   9.1821811e+00
  -1.4560410e+01   9.1638147e+00
  -1.4531231e+01   9.1454484e+00
  -1.4502052e+01   9.1270820e+00
  -1.4472873e+01   9.1087156e+00
  -1.4443694e+01   9.0903492e+00
  -1.4414515e+01   9.0719829e+00
  -1.4385335e+01   9.0536165e+00
  -1.4356156e+01   9.0352501e+00
  -1.4326977e+01   9.0168838e+00
  -1.4297798e+01   8.9985174e+00
  -1.4268619e+01   8.9801510e+00
  -1.4239439e+01   8.9617846e+00
  -1.4210260e+01   8.9434183e+00
  -1.4181081e+01   8.9250519e+00
  -1.4151902e+01   8.9066855e+00
  -1.4122723e+01   8.8883192e+00
  -1.4093544e+01   8.8699528e+00
  -1.4064364e+01   8.8515864e+00
  -1.4035185e+01   8.8332201e+00
  -1.4006006e+01   8.8148537e+00
  -1.3976827e+01   8.7964873e+00
  -1.3947648e+01   8.7781209e+00
  -1.3918468e+01   8.7597546e+00
  -1.3889289e+01   8.7413882e+00
  -1.3860110e+01   8.7230218e+00
  -1.3830931e+01   8.7046555e+00
  -1.3801752e+01   8.6862891e+00
  -1.3772573e+01   8.6679227e+00
  -1.3743393e+01   8.6495564e+00
  -1.3714214e+01   8.6311900e+00
  -1.3685035e+01   8.6128236e+00
  -1.3655856e+01   8.5944572e+00
  -1.3626677e+01   8.5760909e+00
  -1.3597497e+01   8.5577245e+00
  -1.3568318e+01   8.5393581e+00
  -1.3539139e+01   8.5209918e+00
  -1.3509960e+01   8.5026254e+00
  -1.3480781e+01   8.4842590e+00
  -1.3451602e+01   8.4658926e+00
  -1.3422422e+01   8.4475263e+00
  -1.3393243e+01   8.4291599e+00
  -1.3364064e+01   8.4107935e+00
  -1.3334885e+01   8.3924272e+00
  -1.3305706e+01   8.3740608e+00
  -1.3276527e+01   8.3556944e+00
  -1.3247347e+01   8.3373281e+00
  -1.3218168e+01   8.3189617e+00
  -1.3188989e+01   8.3005953e+00
  -1.3159810e+01   8.2822289e+00
  -1.3130631e+01   8.2638626e+00
  -1.3101451e+01   8.2454962e+00
  -1.3072272e+01   8.2271298e+00
  -1.3043093e+01   8.2087635e+00
  -1.3013914e+01   8.1903971e+00
  -1.2984735e+01   8.1720307e+00
  -1.2955556e+01   8.1536643e+00
  -1.2926376e+01   8.1352980e+00
  -1.2897197e+01   8.1169316e+00
  -1.2868018e+01   8.0985652e+00
  -1.2838839e+01   8.0801989e+00
  -1.2809660e+01   8.0618325e+00
  -1.2780480e+01   8.0434661e+00
  -1.2751301e+01   8.0250998e+00
  -1.2722122e+01   8.0067334e+00
  -1.2692943e+01   7.9883670e+00
  -1.2663764e+01   7.9700006e+00
  -1.2634585e+01   7.9516343e+00
  -1.2605405e+01   7.9332679e+00
  -1.2576226e+01   7.9149015e+00
  -1.2547047e+01   7.8965352e+00
  -1.2517868e+01   7.8781688e+00
  -1.2488689e+01   7.8598024e+00
  -1.2459510e+01   7.8414360e+00
  -1.2430330e+01   7.8230697e+00
  -1.2401151e+01   7.8047033e+00
  -1.2371972e+01   7.7863369e+00
  -1.2342793e+01   7.7679706e+00
  -1.2313614e+01   7.7496042e+00
  -1.2284434e+01   7.7312378e+00
  -1.2255255e+01   7.7128715e+00
  -1.2226076e+01   7.6945051e+00
  -1.2196897e+01   7.6761387e+00
  -1.2167718e+01   7.6577723e+00
  -1.2138539e+01   7.6394060e+00
  -1.2109359e+01   7.6210396e+00
  -1.2080180e+01   7.6026732e+00
  -1.2051001e+01   7.5843069e+00
  -1.2021822e+01   7.5659405e+00
  -1.1992643e+01   7.5475741e+00
  -1.1963463e+01   7.5292077e+00
  -1.1934284e+01   7.5108414e+00
  -1.1905105e+01   7.4924750e+00
  -1.1875926e+01   7.4741086e+00
  -1.1846747e+01   7.4557423e+00
  -1.1817568e+01   7.4373759e+00
  -1.1788388e+01   7.4190095e+00
  -1.1759209e+01   7.4006432e+00
  -1.1730030e+01   7.3822768e+00
  -1.1700851e+01   7.3639104e+00
  -1.1671672e+01   7.3455440e+00
  -1.1642492e+01   7.3271777e+00
  -1.1613313e+01   7.3088113e+00
  -1.1584134e+01   7.2904449e+00
  -1.1554955e+01   7.2720786e+00
  -1.1525776e+01   7.2537122e+00
  -1.1496597e+01   7.2353458e+00
  -1.1467417e+01   7.2169794e+00
  -1.1438238e+01   7.1986131e+00
  -1.1409059e+01   7.1802467e+00
  -1.1379880e+01   7.1618803e+00
  -1.1350701e+01   7.1435140e+00
  -1.1321522e+01   7.1251476e+00
  -1.1292342e+01   7.1067812e+00
  -1.1263163e+01   7.0884149e+00
  -1.1233984e+01   7.0700485e+00
  -1.1204805e+01   7.0516821e+00
  -1.1175626e+01   7.0333157e+00
  -1.1146446e+01   7.0149494e+00
  -1.1117267e+01   6.9965830e+00
  -1.1088088e+01   6.9782166e+00
  -1.1058909e+01   6.9598503e+00
  -1.1029730e+01   6.9414839e+00
  -1.1000551e+01   6.9231175e+00
  -1.0971371e+01   6.9047511e+00
  -1.0942192e+01   6.8863848e+00
  -1.0913013e+01   6.8680184e+00
  -1.0883834e+01   6.8496520e+00
  -1.0854655e+01   6.8312857e+00
  -1.0825475e+01   6.8129193e+00
  -1.0796296e+01   6.7945529e+00
  -1.0767117e+01   6.7761866e+00
  -1.0737938e+01   6.7578202e+00
  -1.0708759e+01   6.7394538e+00
  -1.0679580e+01   6.7210874e+00
  -1.0650400e+01   6.7027211e+00
  -1.0621221e+01   6.6843547e+00
  -1.0592042e+01   6.6659883e+00
  -1.0562863e+01   6.6476220e+00
  -1.0533684e+01   6.6292556e+00
  -1.0504505e+01   6.6108892e+00
  -1.0475325e+01   6.5925228e+00
  -1.0446146e+01   6.5741565e+00
  -1.0416967e+01   6.5557901e+00
  -1.0387788e+01   6.5374237e+00
  -1.0358609e+01   6.5190574e+00
  -1.0329429e+01   6.5006910e+00
  -1.0300250e+01   6.4823246e+00
  -1.0271071e+01   6.4639583e+00
  -1.0241892e+01   6.4455919e+00
  -1.0212713e+01   6.4272255e+00
  -1.0183534e+01   6.4088591e+00
  -1.0154354e+01   6.3904928e+00
  -1.0125175e+01   6.3721264e+00
  -1.0095996e+01   6.3537600e+00
  -1.0066817e+01   6.3353937e+00
  -1.0037638e+01   6.3170273e+00
  -1.0008458e+01   6.2986609e+00
  -9.9792793e+00   6.2802945e+00
  -9.9501001e+00   6.2619282e+00
  -9.9209209e+00   6.2435618e+00
  -9.8917417e+00   6.2251954e+00
  -9.8625626e+00   6.2068291e+00
  -9.8333834e+00   6.1884627e+00
  -9.8042042e+00   6.1700963e+00
  -9.7750250e+00   6.1517300e+00
  -9.7458458e+00   6.1333636e+00
  -9.7166667e+00   6.1149972e+00
  -9.6874875e+00   6.0966308e+00
  -9.6583083e+00   6.0782645e+00
  -9.6291291e+00   6.0598981e+00
  -9.5999499e+00   6.0415317e+00
  -9.5707708e+00   6.0231654e+00
  -9.5415916e+00   6.0047990e+00
  -9.5124124e+00   5.9864326e+00
  -9.4832332e+00   5.9680663e+00
  -9.4540541e+00   5.9496999e+00
  -9.4248749e+00   5.9313335e+00
  -9.3956957e+00   5.9129671e+00
  -9.3665165e+00   5.8946008e+00
  -9.3373373e+00   5.8762344e+00
  -9.3081582e+00   5.8578680e+00
  -9.2789790e+00   5.8395017e+00
  -9.2497998e+00   5.8211353e+00
  -9.2206206e+00   5.8027689e+00
  -9.1914414e+00   5.7844025e+00
  -9.1622623e+00   5.7660362e+00
  -9.1330831e+00   5.7476698e+00
  -9.1039039e+00   5.7293034e+00
  -9.0747247e+00   5.7109371e+00
  -9.0455455e+00   5.6925707e+00
  -9.0163664e+00   5.6742043e+00
  -8.9871872e+00   5.6558380e+00
  -8.9580080e+00   5.6374716e+00
  -8.9288288e+00   5.6191052e+00
  -8.8996496e+00   5.6007388e+00
  -8.8704705e+00   5.5823725e+00
  -8.8412913e+00   5.5640061e+00
  -8.8121121e+00   5.5456397e+00
  -8.7829329e+00   5.5272734e+00
  -8.7537538e+00   5.5089070e+00
  -8.7245746e+00   5.4905406e+00
  -8.6953954e+00   5.4721742e+00
  -8.6662162e+00   5.4538079e+00
  -8.6370370e+00   5.4354415e+00
  -8.6078579e+00   5.4170751e+00
  -8.5786787e+00   5.3987088e+00
  -8.5494995e+00   5.3803424e+00
  -8.5203203e+00   5.3619760e+00
  -8.4911411e+00   5.3436097e+00
  -8.4619620e+00   5.3252433e+00
  -8.4327828e+00   5.3068769e+00
  -8.4036036e+00   5.2885105e+00
  -8.3744244e+00   5.2701442e+00
  -8.3452452e+00   5.2517778e+00
  -8.3160661e+00   5.2334114e+00
  -8.2868869e+00   5.2150451e+00
  -8.2577077e+00   5.1966787e+00
  -8.2285285e+00   5.1783123e+00
  -8.1993493e+00   5.1599459e+00
  -8.1701702e+00   5.1415796e+00
  -8.1409910e+00   5.1232132e+00
  -8.1118118e+00   5.1048468e+00
  -8.0826326e+00   5.0864805e+00
  -8.0534535e+00   5.0681141e+00
  -8.0242743e+00   5.0497477e+00
  -7.9950951e+00   5.0313814e+00
  -7.9659159e+00   5.0130150e+00
  -7.9367367e+00   4.9946486e+00
  -7.9075576e+00   4.9762822e+00
  -7.8783784e+00   4.9579159e+00
  -7.8491992e+00   4.9395495e+00
  -7.8200200e+00   4.9211831e+00
  -7.7908408e+00   4.9028168e+00
  -7.7616617e+00   4.8844504e+00
  -7.7324825e+00   4.8660840e+00
  -7.7033033e+00   4.8477176e+00
  -7.6741241e+00   4.8293513e+00
  -7.6449449e+00   4.8109849e+00
  -7.6157658e+00   4.7926185e+00
  -7.5865866e+00   4.7742522e+00
  -7.5574074e+00   4.7558858e+00
  -7.5282282e+00   4.7375194e+00
  -7.4990490e+00   4.7191531e+00
  -7.4698699e+00   4.7007867e+00
  -7.4406907e+00   4.6824203e+00
  -7.4115115e+00   4.6640539e+00
  -7.3823323e+00   4.6456876e+00
  -7.3531532e+00   4.6273212e+00
  -7.3239740e+00   4.6089548e+00
  -7.2947948e+00   4.5905885e+00
  -7.2656156e+00   4.5722221e+00
  -7.2364364e+00   4.5538557e+00
  -7.2072573e+00   4.5354893e+00
  -7.1780781e+00   4.5171230e+00
  -7.1488989e+00   4.4987566e+00
  -7.1197197e+00   4.4803902e+00
  -7.0905405e+00   4.4620239e+00
  -7.0613614e+00   4.4436575e+00
  -7.0321822e+00   4.4252911e+00
  -7.0030030e+00   4.4069248e+00
  -6.9738238e+00   4.3885584e+00
  -6.9446446e+00   4.3701920e+00
  -6.9154655e+00   4.3518256e+00
  -6.8862863e+00   4.3334593e+00
  -6.8571071e+00   4.3150929e+00
  -6.8279279e+00   4.2967265e+00
  -6.7987487e+00   4.2783602e+00
  -6.7695696e+00   4.2599938e+00
  -6.7403904e+00   4.2416274e+00
  -6.7112112e+00   4.2232610e+00
  -6.6820320e+00   4.2048947e+00
  -6.6528529e+00   4.1865283e+00
  -6.6236737e+00   4.1681619e+00
  -6.5944945e+00   4.1497956e+00
  -6.5653153e+00   4.1314292e+00
  -6.5361361e+00   4.1130628e+00
  -6.5069570e+00   4.0946965e+00
  -6.4777778e+00   4.0763301e+00
  -6.4485986e+00   4.0579637e+00
  -6.4194194e+00   4.0395973e+00
  -6.3902402e+00   4.0212310e+00
  -6.3610611e+00   4.0028646e+00
  -6.3318819e+00   3.9844982e+00
  -6.3027027e+00   3.9661319e+00
  -6.2735235e+00   3.9477655e+00
  -6.2443443e+00   3.9293991e+00
  -6.2151652e+00   3.9110327e+00
  -6.1859860e+00   3.8926664e+00
  -6.1568068e+00   3.8743000e+00
  -6.1276276e+00   3.8559336e+00
  -6.0984484e+00   3.8375673e+00
  -6.0692693e+00   3.8192009e+00
  -6.0400901e+00   3.8008345e+00
  -6.0109109e+00   3.7824682e+00
  -5.9817317e+00   3.7641018e+00
  -5.9525526e+00   3.7457354e+00
  -5.9233734e+00   3.7273690e+00
  -5.8941942e+00   3.7090027e+00
  -5.8650150e+00   3.6906363e+00
  -5.8358358e+00   3.6722699e+00
  -5.8066567e+00   3.6539036e+00
  -5.7774775e+00   3.6355372e+00
  -5.7482983e+00   3.6171708e+00
  -5.7191191e+00   3.5988044e+00
  -5.6899399e+00   3.5804381e+00
  -5.6607608e+00   3.5620717e+00
  -5.6315816e+00   3.5437053e+00
  -5.6024024e+00   3.5253390e+00
  -5.5732232e+00   3.5069726e+00
  -5.5440440e+00   3.4886062e+00
  -5.5148649e+00   3.4702399e+00
  -5.4856857e+00   3.4518735e+00
  -5.4565065e+00   3.4335071e+00
  -5.4273273e+00   3.4151407e+00
  -5.3981481e+00   3.3967744e+00
  -5.3689690e+00   3.3784080e+00
  -5.3397898e+00   3.3600416e+00
  -5.3106106e+00   3.3416753e+00
  -5.2814314e+00   3.3233089e+00
  -5.2522523e+00   3.3049425e+00
  -5.2230731e+00   3.2865762e+00
  -5.1938939e+00   3.2682098e+00
  -5.1647147e+00   3.2498434e+00
  -5.1355355e+00   3.2314770e+00
  -5.1063564e+00   3.2131107e+00
  -5.0771772e+00   3.1947443e+00
  -5.0479980e+00   3.1763779e+00
  -5.0188188e+00   3.1580116e+00
  -4.9896396e+00   3.1396452e+00
  -4.9604605e+00   3.1212788e+00
  -4.9312813e+00   3.1029124e+00
  -4.9021021e+00   3.0845461e+00
  -4.8729229e+00   3.0661797e+00
  -4.8437437e+00   3.0478133e+00
  -4.8145646e+00   3.0294470e+00
  -4.7853854e+00   3.0110806e+00
  -4.7562062e+00   2.9927142e+00
  -4.7270270e+00   2.9743479e+00
  -4.6978478e+00   2.9559815e+00
  -4.6686687e+00   2.9376151e+00
  -4.6394895e+00   2.9192487e+00
  -4.6103103e+00   2.9008824e+00
  -4.5811311e+00   2.8825160e+00
  -4.5519520e+00   2.8641496e+00
  -4.5227728e+00   2.8457833e+00
  -4.4935936e+00   2.8274169e+00
  -4.4644144e+00   2.8090505e+00
  -4.4352352e+00   2.7906841e+00
  -4.4060561e+00   2.7723178e+00
  -4.3768769e+00   2.7539514e+00
  -4.3476977e+00   2.7355850e+00
  -4.3185185e+00   2.7172187e+00
  -4.2893393e+00   2.6988523e+00
  -4.2601602e+00   2.6804859e+00
  -4.2309810e+00   2.6621196e+00
  -4.2018018e+00   2.6437532e+00
  -4.1726226e+00   2.6253868e+00
  -4.1434434e+00   2.6070204e+00
  -4.1142643e+00   2.5886541e+00
  -4.0850851e+00   2.5702877e+00
  -4.0559059e+00   2.5519213e+00
  -4.0267267e+00   2.5335550e+00
  -3.9975475e+00   2.5151886e+00
  -3.9683684e+00   2.4968222e+00
  -3.9391892e+00   2.4784558e+00
  -3.9100100e+00   2.4600895e+00
  -3.8808308e+00   2.4417231e+00
  -3.8516517e+00   2.4233567e+00
  -3.8224725e+00   2.4049904e+00
  -3.7932933e+00   2.3866240e+00
  -3.7641141e+00   2.3682576e+00
  -3.7349349e+00   2.3498913e+00
  -3.7057558e+00   2.3315249e+00
  -3.6765766e+00   2.3131585e+00
  -3.6473974e+00   2.2947921e+00
  -3.6182182e+00   2.2764258e+00
  -3.5890390e+00   2.2580594e+00
  -3.5598599e+00   2.2396930e+00
  -3.5306807e+00   2.2213267e+00
  -3.5015015e+00   2.2029603e+00
  -3.4723223e+00   2.1845939e+00
  -3.4431431e+00   2.1662275e+00
  -3.4139640e+00   2.1478612e+00
  -3.3847848e+00   2.1294948e+00
  -3.3556056e+00   2.1111284e+00
  -3.3264264e+00   2.0927621e+00
  -3.2972472e+00   2.0743957e+00
  -3.2680681e+00   2.0560293e+00
  -3.2388889e+00   2.0376630e+00
  -3.2097097e+00   2.0192966e+00
  -3.1805305e+00   2.0009302e+00
  -3.1513514e+00   1.9825638e+00
  -3.1221722e+00   1.9641975e+00
  -3.0929930e+00   1.9458311e+00
  -3.0638138e+00   1.9274647e+00
  -3.0346346e+00   1.9090984e+00
  -3.0054555e+00   1.8907320e+00
  -2.9762763e+00   1.8723656e+00
  -2.9470971e+00   1.8539992e+00
  -2.9179179e+00   1.8356329e+00
  -2.8887387e+00   1.8172665e+00
  -2.8595596e+00   1.7989001e+00
  -2.8303804e+00   1.7805338e+00
  -2.8012012e+00   1.7621674e+00
  -2.7720220e+00   1.7438010e+00
  -2.7428428e+00   1.7254347e+00
  -2.7136637e+00   1.7070683e+00
  -2.6844845e+00   1.6887019e+00
  -2.6553053e+00   1.6703355e+00
  -2.6261261e+00   1.6519692e+00
  -2.5969469e+00   1.6336028e+00
  -2.5677678e+00   1.6152364e+00
  -2.5385886e+00   1.5968701e+00
  -2.5094094e+00   1.5785037e+00
  -2.4802302e+00   1.5601373e+00
  -2.4510511e+00   1.5417709e+00
  -2.4218719e+00   1.5234046e+00
  -2.3926927e+00   1.5050382e+00
  -2.3635135e+00   1.4866718e+00
  -2.3343343e+00   1.4683055e+00
  -2.3051552e+00   1.4499391e+00
  -2.2759760e+00   1.4315727e+00
  -2.2467968e+00   1.4132064e+00
  -2.2176176e+00   1.3948400e+00
  -2.1884384e+00   1.3764736e+00
  -2.1592593e+00   1.3581072e+00
  -2.1300801e+00   1.3397409e+00
  -2.1009009e+00   1.3213745e+00
  -2.0717217e+00   1.3030081e+00
  -2.0425425e+00   1.2846418e+00
  -2.0133634e+00   1.2662754e+00
  -1.9841842e+00   1.2479090e+00
  -1.9550050e+00   1.2295426e+00
  -1.9258258e+00   1.2111763e+00
  -1.8966466e+00   1.1928099e+00
  -1.8674675e+00   1.1744435e+00
  -1.8382883e+00   1.1560772e+00
  -1.8091091e+00   1.1377108e+00
  -1.7799299e+00   1.1193444e+00
  -1.7507508e+00   1.1009781e+00
  -1.7215716e+00   1.0826117e+00
  -1.6923924e+00   1.0642453e+00
  -1.6632132e+00   1.0458789e+00
  -1.6340340e+00   1.0275126e+00
  -1.6048549e+00   1.0091462e+00
  -1.5756757e+00   9.9077983e-01
  -1.5464965e+00   9.7241346e-01
  -1.5173173e+00   9.5404709e-01
  -1.4881381e+00   9.3568072e-01
  -1.4589590e+00   9.1731435e-01
  -1.4297798e+00   8.9894798e-01
  -1.4006006e+00   8.8058161e-01
  -1.3714214e+00   8.6221524e-01
  -1.3422422e+00   8.4384887e-01
  -1.3130631e+00   8.2548250e-01
  -1.2838839e+00   8.0711613e-01
  -1.2547047e+00   7.8874976e-01
  -1.2255255e+00   7.7038339e-01
  -1.1963463e+00   7.5201701e-01
  -1.1671672e+00   7.3365064e-01
  -1.1379880e+00   7.1528427e-01
  -1.1088088e+00   6.9691790e-01
  -1.0796296e+00   6.7855153e-01
  -1.0504505e+00   6.6018516e-01
  -1.0212713e+00   6.4181879e-01
  -9.9209209e-01   6.2345242e-01
  -9.6291291e-01   6.0508605e-01
  -9.3373373e-01   5.8671968e-01
  -9.0455455e-01   5.6835331e-01
  -8.7537538e-01   5.4998694e-01
  -8.4619620e-01   5.3162057e-01
  -8.1701702e-01   5.1325420e-01
  -7.8783784e-01   4.9488783e-01
  -7.5865866e-01   4.7652146e-01
  -7.2947948e-01   4.5815509e-01
  -7.0030030e-01   4.3978872e-01
  -6.7112112e-01   4.2142234e-01
  -6.4194194e-01   4.0305597e-01
  -6.1276276e-01   3.8468960e-01
  -5.8358358e-01   3.6632323e-01
  -5.5440440e-01   3.4795686e-01
  -5.2522523e-01   3.2959049e-01
  -4.9604605e-01   3.1122412e-01
  -4.6686687e-01   2.9285775e-01
  -4.3768769e-01   2.7449138e-01
  -4.0850851e-01   2.5612501e-01
  -3.7932933e-01   2.3775864e-01
  -3.5015015e-01   2.1939227e-01
  -3.2097097e-01   2.0102590e-01
  -2.9179179e-01   1.8265953e-01
  -2.6261261e-01   1.6429316e-01
  -2.3343343e-01   1.4592679e-01
  -2.0425425e-01   1.2756042e-01
  -1.7507508e-01   1.0919405e-01
  -1.4589590e-01   9.0827675e-02
  -1.1671672e-01   7.2461304e-02
  -8.7537538e-02   5.4094934e-02
  -5.8358358e-02   3.5728563e-02
  -2.9179179e-02   1.7362193e-02
  -0.0000000e+00  -1.0041777e-03
   0.0000000e+00  -1.0041777e-03
   2.9179179e-02   1.7362193e-02
   5.8358358e-02   3.5728563e-02
   8.7537538e-02   5.4094934e-02
   1.1671672e-01   7.2461304e-02
   1.4589590e-01   9.0827675e-02
   1.7507508e-01   1.0919405e-01
   2.0425425e-01   1.2756042e-01
   2.3343343e-01   1.4592679e-01
   2.6261261e-01   1.6429316e-01
   2.9179179e-01   1.8265953e-01
   3.2097097e-01   2.0102590e-01
   3.5015015e-01   2.1939227e-01
   3.7932933e-01   2.3775864e-01
   4.0850851e-01   2.5612501e-01
   4.3768769e-01   2.7449138e-01
   4.6686687e-01   2.9285775e-01
   4.9604605e-01   3.1122412e-01
   5.2522523e-01   3.2959049e-01
   5.5440440e-01   3.4795686e-01
   5.8358358e-01   3.6632323e-01
   6.1276276e-01   3.8468960e-01
   6.4194194e-01   4.0305597e-01
   6.7112112e-01   4.2142234e-01
   7.0030030e-01   4.3978872e-01
   7.2947948e-01   4.5815509e-01
   7.5865866e-01   4.7652146e-01
   7.8783784e-01   4.9488783e-01
   8.1701702e-01   5.1325420e-01
   8.4619620e-01   5.3162057e-01
   8.7537538e-01   5.4998694e-01
   9.0455455e-01   5.6835331e-01
   9.3373373e-01   5.8671968e-01
   9.6291291e-01   6.0508605e-01
   9.9209209e-01   6.2345242e-01
   1.0212713e+00   6.4181879e-01
   1.0504505e+00   6.6018516e-01
   1.0796296e+00   6.7855153e-01
   1.1088088e+00   6.9691790e-01
   1.1379880e+00   7.1528427e-01
   1.1671672e+00   7.3365064e-01
   1.1963463e+00   7.5201701e-01
   1.2255255e+00   7.7038339e-01
   1.2547047e+00   7.8874976e-01
   1.2838839e+00   8.0711613e-01
   1.3130631e+00   8.2548250e-01
   1.3422422e+00   8.4384887e-01
   1.3714214e+00   8.6221524e-01
   1.4006006e+00   8.8058161e-01
   1.4297798e+00   8.9894798e-01
   1.4589590e+00   9.1731435e-01
   1.4881381e+00   9.3568072e-01
   1.5173173e+00   9.5404709e-01
   1.5464965e+00   9.7241346e-01
   1.5756757e+00   9.9077983e-01
   1.6048549e+00   1.0091462e+00
   1.6340340e+00   1.0275126e+00
   1.6632132e+00   1.0458789e+00
   1.6923924e+00   1.0642453e+00
   1.7215716e+00   1.0826117e+00
   1.7507508e+00   1.1009781e+00
   1.7799299e+00   1.1193444e+00
   1.8091091e+00   1.1377108e+00
   1.8382883e+00   1.1560772e+00
   1.8674675e+00   1.1744435e+00
   1.8966466e+00   1.1928099e+00
   1.9258258e+00   1.2111763e+00
   1.9550050e+00   1.2295426e+00
   1.9841842e+00   1.2479090e+00
   2.0133634e+00   1.2662754e+00
   2.0425425e+00   1.2846418e+00
   2.0717217e+00   1.3030081e+00
   2.1009009e+00   1.3213745e+00
   2.1300801e+00   1.3397409e+00
   2.1592593e+00   1.3581072e+00
   2.1884384e+00   1.3764736e+00
   2.2176176e+00   1.3948400e+00
   2.2467968e+00   1.4132064e+00
   2.2759760e+00   1.4315727e+00
   2.3051552e+00   1.4499391e+00
   2.3343343e+00   1.4683055e+00
   2.3635135e+00   1.4866718e+00
   2.3926927e+00   1.5050382e+00
   2.4218719e+00   1.5234046e+00
   2.4510511e+00   1.5417709e+00
   2.4802302e+00   1.5601373e+00
   2.5094094e+00   1.5785037e+00
   2.5385886e+00   1.5968701e+00
   2.5677678e+00   1.6152364e+00
   2.5969469e+00   1.6336028e+00
   2.6261261e+00   1.6519692e+00
   2.6553053e+00   1.6703355e+00
   2.6844845e+00   1.6887019e+00
   2.7136637e+00   1.7070683e+00
   2.7428428e+00   1.7254347e+00
   2.7720220e+00   1.7438010e+00
   2.8012012e+00   1.7621674e+00
   2.8303804e+00   1.7805338e+00
   2.8595596e+00   1.7989001e+00
   2.8887387e+00   1.8172665e+00
   2.9179179e+00   1.8356329e+00
   2.9470971e+00   1.8539992e+00
   2.9762763e+00   1.8723656e+00
   3.0054555e+00   1.8907320e+00
   3.0346346e+00   1.9090984e+00
   3.0638138e+00   1.9274647e+00
   3.0929930e+00   1.9458311e+00
   3.1221722e+00   1.9641975e+00
   3.1513514e+00   1.9825638e+00
   3.1805305e+00   2.0009302e+00
   3.2097097e+00   2.0192966e+00
   3.2388889e+00   2.0376630e+00
   3.2680681e+00   2.0560293e+00
   3.2972472e+00   2.0743957e+00
   3.3264264e+00   2.0927621e+00
   3.3556056e+00   2.1111284e+00
   3.3847848e+00   2.1294948e+00
   3.4139640e+00   2.1478612e+00
   3.4431431e+00   2.1662275e+00
   3.4723223e+00   2.1845939e+00
   3.5015015e+00   2.2029603e+00
   3.5306807e+00   2.2213267e+00
   3.5598599e+00   2.2396930e+00
   3.5890390e+00   2.2580594e+00
   3.6182182e+00   2.2764258e+00
   3.6473974e+00   2.2947921e+00
   3.6765766e+00   2.3131585e+00
   3.7057558e+00   2.3315249e+00
   3.7349349e+00   2.3498913e+00
   3.7641141e+00   2.3682576e+00
   3.7932933e+00   2.3866240e+00
   3.8224725e+00   2.4049904e+00
   3.8516517e+00   2.4233567e+00
   3.8808308e+00   2.4417231e+00
   3.9100100e+00   2.4600895e+00
   3.9391892e+00   2.4784558e+00
   3.9683684e+00   2.4968222e+00
   3.9975475e+00   2.5151886e+00
   4.0267267e+00   2.5335550e+00
   4.0559059e+00   2.5519213e+00
   4.0850851e+00   2.5702877e+00
   4.1142643e+00   2.5886541e+00
   4.1434434e+00   2.6070204e+00
   4.1726226e+00   2.6253868e+00
   4.2018018e+00   2.6437532e+00
   4.2309810e+00   2.6621196e+00
   4.2601602e+00   2.6804859e+00
   4.2893393e+00   2.6988523e+00
   4.3185185e+00   2.7172187e+00
   4.3476977e+00   2.7355850e+00
   4.3768769e+00   2.7539514e+00
   4.4060561e+00   2.7723178e+00
   4.4352352e+00   2.7906841e+00
   4.4644144e+00   2.8090505e+00
   4.4935936e+00   2.8274169e+00
   4.5227728e+00   2.8457833e+00
   4.5519520e+00   2.8641496e+00
   4.5811311e+00   2.8825160e+00
   4.6103103e+00   2.9008824e+00
   4.6394895e+00   2.9192487e+00
   4.6686687e+00   2.9376151e+00
   4.6978478e+00   2.9559815e+00
   4.7270270e+00   2.9743479e+00
   4.7562062e+00   2.9927142e+00
   4.7853854e+00   3.0110806e+00
   4.8145646e+00   3.0294470e+00
   4.8437437e+00   3.0478133e+00
   4.8729229e+00   3.0661797e+00
   4.9021021e+00   3.0845461e+00
   4.9312813e+00   3.1029124e+00
   4.9604605e+00   3.1212788e+00
   4.9896396e+00   3.1396452e+00
   5.0188188e+00   3.1580116e+00
   5.0479980e+00   3.1763779e+00
   5.0771772e+00   3.1947443e+00
   5.1063564e+00   3.2131107e+00
   5.1355355e+00   3.2314770e+00
   5.1647147e+00   3.2498434e+00
   5.1938939e+00   3.2682098e+00
   5.2230731e+00   3.2865762e+00
   5.2522523e+00   3.3049425e+00
   5.2814314e+00   3.3233089e+00
   5.3106106e+00   3.3416753e+00
   5.3397898e+00   3.3600416e+00
   5.3689690e+00   3.3784080e+00
   5.3981481e+00   3.3967744e+00
   5.4273273e+00   3.4151407e+00
   5.4565065e+00   3.4335071e+00
   5.4856857e+00   3.4518735e+00
   5.5148649e+00   3.4702399e+00
   5.5440440e+00   3.4886062e+00
   5.5732232e+00   3.5069726e+00
   5.6024024e+00   3.5253390e+00
   5.6315816e+00   3.5437053e+00
   5.6607608e+00   3.5620717e+00
   5.6899399e+00   3.5804381e+00
   5.7191191e+00   3.5988044e+00
   5.7482983e+00   3.6171708e+00
   5.7774775e+00   3.6355372e+00
   5.8066567e+00   3.6539036e+00
   5.8358358e+00   3.6722699e+00
   5.8650150e+00   3.6906363e+00
   5.8941942e+00   3.7090027e+00
   5.9233734e+00   3.7273690e+00
   5.9525526e+00   3.7457354e+00
   5.9817317e+00   3.7641018e+00
   6.0109109e+00   3.7824682e+00
   6.0400901e+00   3.8008345e+00
   6.0692693e+00   3.8192009e+00
   6.0984484e+00   3.8375673e+00
   6.1276276e+00   3.8559336e+00
   6.1568068e+00   3.8743000e+00
   6.1859860e+00   3.8926664e+00
   6.2151652e+00   3.9110327e+00
   6.2443443e+00   3.9293991e+00
   6.2735235e+00   3.9477655e+00
   6.3027027e+00   3.9661319e+00
   6.3318819e+00   3.9844982e+00
   6.3610611e+00   4.0028646e+00
   6.3902402e+00   4.0212310e+00
   6.4194194e+00   4.0395973e+00
   6.4485986e+00   4.0579637e+00
   6.4777778e+00   4.0763301e+00
   6.5069570e+00   4.0946965e+00
   6.5361361e+00   4.1130628e+00
   6.5653153e+00   4.1314292e+00
   6.5944945e+00   4.1497956e+00
   6.6236737e+00   4.1681619e+00
   6.6528529e+00   4.1865283e+00
   6.6820320e+00   4.2048947e+00
   6.7112112e+00   4.2232610e+00
   6.7403904e+00   4.2416274e+00
   6.7695696e+00   4.2599938e+00
   6.7987487e+00   4.2783602e+00
   6.8279279e+00   4.2967265e+00
   6.8571071e+00   4.3150929e+00
   6.8862863e+00   4.3334593e+00
   6.9154655e+00   4.3518256e+00
   6.9446446e+00   4.3701920e+00
   6.9738238e+00   4.3885584e+00
   7.0030030e+00   4.4069248e+00
   7.0321822e+00   4.4252911e+00
   7.0613614e+00   4.4436575e+00
   7.0905405e+00   4.4620239e+00
   7.1197197e+00   4.4803902e+00
   7.1488989e+00   4.4987566e+00
   7.1780781e+00   4.5171230e+00
   7.2072573e+00   4.5354893e+00
   7.2364364e+00   4.5538557e+00
   7.2656156e+00   4.5722221e+00
   7.2947948e+00   4.5905885e+00
   7.3239740e+00   4.6089548e+00
   7.3531532e+00   4.6273212e+00
   7.3823323e+00   4.6456876e+00
   7.4115115e+00   4.6640539e+00
   7.4406907e+00   4.6824203e+00
   7.4698699e+00   4.7007867e+00
   7.4990490e+00   4.7191531e+00
   7.5282282e+00   4.7375194e+00
   7.5574074e+00   4.7558858e+00
   7.5865866e+00   4.7742522e+00
   7.6157658e+00   4.7926185e+00
   7.6449449e+00   4.8109849e+00
   7.6741241e+00   4.8293513e+00
   7.7033033e+00   4.8477176e+00
   7.7324825e+00   4.8660840e+00
   7.7616617e+00   4.8844504e+00
   7.7908408e+00   4.9028168e+00
   7.8200200e+00   4.9211831e+00
   7.8491992e+00   4.9395495e+00
   7.8783784e+00   4.9579159e+00
   7.9075576e+00   4.9762822e+00
   7.9367367e+00   4.9946486e+00
   7.9659159e+00   5.0130150e+00
   7.9950951e+00   5.0313814e+00
   8.0242743e+00   5.0497477e+00
   8.0534535e+00   5.0681141e+00
   8.0826326e+00   5.0864805e+00
   8.1118118e+00   5.1048468e+00
   8.1409910e+00   5.1232132e+00
   8.1701702e+00   5.1415796e+00
   8.1993493e+00   5.1599459e+00
   8.2285285e+00   5.1783123e+00
   8.2577077e+00   5.1966787e+00
   8.2868869e+00   5.2150451e+00
   8.3160661e+00   5.2334114e+00
   8.3452452e+00   5.2517778e+00
   8.3744244e+00   5.2701442e+00
   8.4036036e+00   5.2885105e+00
   8.4327828e+00   5.3068769e+00
   8.4619620e+00   5.3252433e+00
   8.4911411e+00   5.3436097e+00
   8.5203203e+00   5.3619760e+00
   8.5494995e+00   5.3803424e+00
   8.5786787e+00   5.3987088e+00
   8.6078579e+00   5.4170751e+00
   8.6370370e+00   5.4354415e+00
   8.6662162e+00   5.4538079e+00
   8.6953954e+00   5.4721742e+00
   8.7245746e+00   5.4905406e+00
   8.7537538e+00   5.5089070e+00
   8.7829329e+00   5.5272734e+00
   8.8121121e+00   5.5456397e+00
   8.8412913e+00   5.5640061e+00
   8.8704705e+00   5.5823725e+00
   8.8996496e+00   5.6007388e+00
   8.9288288e+00   5.6191052e+00
   8.9580080e+00   5.6374716e+00
   8.9871872e+00   5.6558380e+00
   9.0163664e+00   5.6742043e+00
   9.0455455e+00   5.6925707e+00
   9.0747247e+00   5.7109371e+00
   9.1039039e+00   5.7293034e+00
   9.1330831e+00   5.7476698e+00
   9.1622623e+00   5.7660362e+00
   9.1914414e+00   5.7844025e+00
   9.2206206e+00   5.8027689e+00
   9.2497998e+00   5.8211353e+00
   9.2789790e+00   5.8395017e+00
   9.3081582e+00   5.8578680e+00
   9.3373373e+00   5.8762344e+00
   9.3665165e+00   5.8946008e+00
   9.3956957e+00   5.9129671e+00
   9.4248749e+00   5.9313335e+00
   9.4540541e+00   5.9496999e+00
   9.4832332e+00   5.9680663e+00
   9.5124124e+00   5.9864326e+00
   9.5415916e+00   6.0047990e+00
   9.5707708e+00   6.0231654e+00
   9.5999499e+00   6.0415317e+00
   9.6291291e+00   6.0598981e+00
   9.6583083e+00   6.0782645e+00
   9.6874875e+00   6.0966308e+00
   9.7166667e+00   6.1149972e+00
   9.7458458e+00   6.1333636e+00
   9.7750250e+00   6.1517300e+00
   9.8042042e+00   6.1700963e+00
   9.8333834e+00   6.1884627e+00
   9.8625626e+00   6.2068291e+00
   9.8917417e+00   6.2251954e+00
   9.9209209e+00   6.2435618e+00
   9.9501001e+00   6.2619282e+00
   9.9792793e+00   6.2802945e+00
   1.0008458e+01   6.2986609e+00
   1.0037638e+01   6.3170273e+00
   1.0066817e+01   6.3353937e+00
   1.0095996e+01   6.3537600e+00
   1.0125175e+01   6.3721264e+00
   1.0154354e+01   6.3904928e+00
   1.0183534e+01   6.4088591e+00
   1.0212713e+01   6.4272255e+00
   1.0241892e+01   6.4455919e+00
   1.0271071e+01   6.4639583e+00
   1.0300250e+01   6.4823246e+00
   1.0329429e+01   6.5006910e+00
   1.0358609e+01   6.5190574e+00
   1.0387788e+01   6.5374237e+00
   1.0416967e+01   6.5557901e+00
   1.0446146e+01   6.5741565e+00
   1.0475325e+01   6.5925228e+00
   1.0504505e+01   6.6108892e+00
   1.0533684e+01   6.6292556e+00
   1.0562863e+01   6.6476220e+00
   1.0592042e+01   6.6659883e+00
   1.0621221e+01   6.6843547e+00
   1.0650400e+01   6.7027211e+00
   1.0679580e+01   6.7210874e+00
   1.0708759e+01   6.7394538e+00
   1.0737938e+01   6.7578202e+00
   1.0767117e+01   6.7761866e+00
   1.0796296e+01   6.7945529e+00
   1.0825475e+01   6.8129193e+00
   1.0854655e+01   6.8312857e+00
   1.0883834e+01   6.8496520e+00
   1.0913013e+01   6.8680184e+00
   1.0942192e+01   6.8863848e+00
   1.0971371e+01   6.9047511e+00
   1.1000551e+01   6.9231175e+00
   1.1029730e+01   6.9414839e+00
   1.1058909e+01   6.9598503e+00
   1.1088088e+01   6.9782166e+00
   1.1117267e+01   6.9965830e+00
   1.1146446e+01   7.0149494e+00
   1.1175626e+01   7.0333157e+00
   1.1204805e+01   7.0516821e+00
   1.1233984e+01   7.0700485e+00
   1.1263163e+01   7.0884149e+00
   1.1292342e+01   7.1067812e+00
   1.1321522e+01   7.1251476e+00
   1.1350701e+01   7.1435140e+00
   1.1379880e+01   7.1618803e+00
   1.1409059e+01   7.1802467e+00
   1.1438238e+01   7.1986131e+00
   1.1467417e+01   7.2169794e+00
   1.1496597e+01   7.2353458e+00
   1.1525776e+01   7.2537122e+00
   1.1554955e+01   7.2720786e+00
   1.1584134e+01   7.2904449e+00
   1.1613313e+01   7.3088113e+00
   1.1642492e+01   7.3271777e+00
   1.1671672e+01   7.3455440e+00
   1.1700851e+01   7.3639104e+00
   1.1730030e+01   7.3822768e+00
   1.1759209e+01   7.4006432e+00
   1.1788388e+01   7.4190095e+00
   1.1817568e+01   7.4373759e+00
   1.1846747e+01   7.4557423e+00
   1.1875926e+01   7.4741086e+00
   1.1905105e+01   7.4924750e+00
   1.1934284e+01   7.5108414e+00
   1.1963463e+01   7.5292077e+00
   1.1992643e+01   7.5475741e+00
   1.2021822e+01   7.5659405e+00
   1.2051001e+01   7.5843069e+00
   1.2080180e+01   7.6026732e+00
   1.2109359e+01   7.6210396e+00
   1.2138539e+01   7.6394060e+00
   1.2167718e+01   7.6577723e+00
   1.2196897e+01   7.6761387e+00
   1.2226076e+01   7.6945051e+00
   1.2255255e+01   7.7128715e+00
   1.2284434e+01   7.7312378e+00
   1.2313614e+01   7.7496042e+00
   1.2342793e+01   7.7679706e+00
   1.2371972e+01   7.7863369e+00
   1.2401151e+01   7.8047033e+00
   1.2430330e+01   7.8230697e+00
   1.2459510e+01   7.8414360e+00
   1.2488689e+01   7.8598024e+00
   1.2517868e+01   7.8781688e+00
   1.2547047e+01   7.8965352e+00
   1.2576226e+01   7.9149015e+00
   1.2605405e+01   7.9332679e+00
   1.2634585e+01   7.9516343e+00
   1.2663764e+01   7.9700006e+00
   1.2692943e+01   7.9883670e+00
   1.2722122e+01   8.0067334e+00
   1.2751301e+01   8.0250998e+00
   1.2780480e+01   8.0434661e+00
   1.2809660e+01   8.0618325e+00
   1.2838839e+01   8.0801989e+00
   1.2868018e+01   8.0985652e+00
   1.2897197e+01   8.1169316e+00
   1.2926376e+01   8.1352980e+00
   1.2955556e+01   8.1536643e+00
   1.2984735e+01   8.1720307e+00
   1.3013914e+01   8.1903971e+00
   1.3043093e+01   8.2087635e+00
   1.3072272e+01   8.2271298e+00
   1.3101451e+01   8.2454962e+00
   1.3130631e+01   8.2638626e+00
   1.3159810e+01   8.2822289e+00
   1.3188989e+01   8.3005953e+00
   1.3218168e+01   8.3189617e+00
   1.3247347e+01   8.3373281e+00
   1.3276527e+01   8.3556944e+00
   1.3305706e+01   8.3740608e+00
   1.3334885e+01   8.3924272e+00
   1.3364064e+01   8.4107935e+00
   1.3393243e+01   8.4291599e+00
   1.3422422e+01   8.4475263e+00
   1.3451602e+01   8.4658926e+00
   1.3480781e+01   8.4842590e+00
   1.3509960e+01   8.5026254e+00
   1.3539139e+01   8.5209918e+00
   1.3568318e+01   8.5393581e+00
   1.3597497e+01   8.5577245e+00
   1.3626677e+01   8.5760909e+00
   1.3655856e+01   8.5944572e+00
   1.3685035e+01   8.6128236e+00
   1.3714214e+01   8.6311900e+00
   1.3743393e+01   8.6495564e+00
   1.3772573e+01   8.6679227e+00
   1.3801752e+01   8.6862891e+00
   1.3830931e+01   8.7046555e+00
   1.3860110e+01   8.7230218e+00
   1.3889289e+01   8.7413882e+00
   1.3918468e+01   8.7597546e+00
   1.3947648e+01   8.7781209e+00
   1.3976827e+01   8.7964873e+00
   1.4006006e+01   8.8148537e+00
   1.4035185e+01   8.8332201e+00
   1.4064364e+01   8.8515864e+00
   1.4093544e+01   8.8699528e+00
   1.4122723e+01   8.8883192e+00
   1.4151902e+01   8.9066855e+00
   1.4181081e+01   8.9250519e+00
   1.4210260e+01   8.9434183e+00
   1.4239439e+01   8.9617846e+00
   1.4268619e+01   8.9801510e+00
   1.4297798e+01   8.9985174e+00
   1.4326977e+01   9.0168838e+00
   1.4356156e+01   9.0352501e+00
   1.4385335e+01   9.0536165e+00
   1.4414515e+01   9.0719829e+00
   1.4443694e+01   9.0903492e+00
   1.4472873e+01   9.1087156e+00
   1.4502052e+01   9.1270820e+00
   1.4531231e+01   9.1454484e+00
   1.4560410e+01   9.1638147e+00
   1.4589590e+01   9.1821811e+00
   1.4618769e+01   9.2005475e+00
   1.4647948e+01   9.2189138e+00
   1.4677127e+01   9.2372802e+00
   1.4706306e+01   9.2556466e+00
   1.4735485e+01   9.2740129e+00
   1.4764665e+01   9.2923793e+00
   1.4793844e+01   9.3107457e+00
   1.4823023e+01   9.3291121e+00
   1.4852202e+01   9.3474784e+00
   1.4881381e+01   9.3658448e+00
   1.4910561e+01   9.3842112e+00
   1.4939740e+01   9.4025775e+00
   1.4968919e+01   9.4209439e+00
   1.4998098e+01   9.4393103e+00
   1.5027277e+01   9.4576767e+00
   1.5056456e+01   9.4760430e+00
   1.5085636e+01   9.4944094e+00
   1.5114815e+01   9.5127758e+00
   1.5143994e+01   9.5311421e+00
   1.5173173e+01   9.5495085e+00
   1.5202352e+01   9.5678749e+00
   1.5231532e+01   9.5862412e+00
   1.5260711e+01   9.6046076e+00
   1.5289890e+01   9.6229740e+00
   1.5319069e+01   9.6413404e+00
   1.5348248e+01   9.6597067e+00
   1.5377427e+01   9.6780731e+00
   1.5406607e+01   9.6964395e+00
   1.5435786e+01   9.7148058e+00
   1.5464965e+01   9.7331722e+00
   1.5494144e+01   9.7515386e+00
   1.5523323e+01   9.7699050e+00
   1.5552503e+01   9.7882713e+00
   1.5581682e+01   9.8066377e+00
   1.5610861e+01   9.8250041e+00
   1.5640040e+01   9.8433704e+00
   1.5669219e+01   9.8617368e+00
   1.5698398e+01   9.8801032e+00
   1.5727578e+01   9.8984695e+00
   1.5756757e+01   9.9168359e+00
   1.5785936e+01   9.9352023e+00
   1.5815115e+01   9.9535687e+00
   1.5844294e+01   9.9719350e+00
   1.5873473e+01   9.9903014e+00
   1.5902653e+01   1.0008668e+01
   1.5931832e+01   1.0027034e+01
   1.5961011e+01   1.0045401e+01
   1.5990190e+01   1.0063767e+01
   1.6019369e+01   1.0082133e+01
   1.6048549e+01   1.0100500e+01
   1.6077728e+01   1.0118866e+01
   1.6106907e+01   1.0137232e+01
   1.6136086e+01   1.0155599e+01
   1.6165265e+01   1.0173965e+01
   1.6194444e+01   1.0192331e+01
   1.6223624e+01   1.0210698e+01
   1.6252803e+01   1.0229064e+01
   1.6281982e+01   1.0247431e+01
   1.6311161e+01   1.0265797e+01
   1.6340340e+01   1.0284163e+01
   1.6369520e+01   1.0302530e+01
   1.6398699e+01   1.0320896e+01
   1.6427878e+01   1.0339262e+01
   1.6457057e+01   1.0357629e+01
   1.6486236e+01   1.0375995e+01
   1.6515415e+01   1.0394362e+01
   1.6544595e+01   1.0412728e+01
   1.6573774e+01   1.0431094e+01
   1.6602953e+01   1.0449461e+01
   1.6632132e+01   1.0467827e+01
   1.6661311e+01   1.0486193e+01
   1.6690490e+01   1.0504560e+01
   1.6719670e+01   1.0522926e+01
   1.6748849e+01   1.0541293e+01
   1.6778028e+01   1.0559659e+01
   1.6807207e+01   1.0578025e+01
   1.6836386e+01   1.0596392e+01
   1.6865566e+01   1.0614758e+01
   1.6894745e+01   1.0633124e+01
   1.6923924e+01   1.0651491e+01
   1.6953103e+01   1.0669857e+01
   1.6982282e+01   1.0688223e+01
   1.7011461e+01   1.0706590e+01
   1.7040641e+01   1.0724956e+01
   1.7069820e+01   1.0743323e+01
   1.7098999e+01   1.0761689e+01
   1.7128178e+01   1.0780055e+01
   1.7157357e+01   1.0798422e+01
   1.7186537e+01   1.0816788e+01
   1.7215716e+01   1.0835154e+01
   1.7244895e+01   1.0853521e+01
   1.7274074e+01   1.0871887e+01
   1.7303253e+01   1.0890254e+01
   1.7332432e+01   1.0908620e+01
   1.7361612e+01   1.0926986e+01
   1.7390791e+01   1.0945353e+01
   1.7419970e+01   1.0963719e+01
   1.7449149e+01   1.0982085e+01
   1.7478328e+01   1.1000452e+01
   1.7507508e+01   1.1018818e+01
   1.7536687e+01   1.1037185e+01
   1.7565866e+01   1.1055551e+01
   1.7595045e+01   1.1073917e+01
   1.7624224e+01   1.1092284e+01
   1.7653403e+01   1.1110650e+01
   1.7682583e+01   1.1129016e+01
   1.7711762e+01   1.1147383e+01
   1.7740941e+01   1.1165749e+01
   1.7770120e+01   1.1184115e+01
   1.7799299e+01   1.1202482e+01
   1.7828478e+01   1.1220848e+01
   1.7857658e+01   1.1239215e+01
   1.7886837e+01   1.1257581e+01
   1.7916016e+01   1.1275947e+01
   1.7945195e+01   1.1294314e+01
   1.7974374e+01   1.1312680e+01
   1.8003554e+01   1.1331046e+01
   1.8032733e+01   1.1349413e+01
   1.8061912e+01   1.1367779e+01
   1.8091091e+01   1.1386146e+01
   1.8120270e+01   1.1404512e+01
   1.8149449e+01   1.1422878e+01
   1.8178629e+01   1.1441245e+01
   1.8207808e+01   1.1459611e+01
   1.8236987e+01   1.1477977e+01
   1.8266166e+01   1.1496344e+01
   1.8295345e+01   1.1514710e+01
   1.8324525e+01   1.1533077e+01
   1.8353704e+01   1.1551443e+01
   1.8382883e+01   1.1569809e+01
   1.8412062e+01   1.1588176e+01
   1.8441241e+01   1.1606542e+01
   1.8470420e+01   1.1624908e+01
   1.8499600e+01   1.1643275e+01
   1.8528779e+01   1.1661641e+01
   1.8557958e+01   1.1680007e+01
   1.8587137e+01   1.1698374e+01
   1.8616316e+01   1.1716740e+01
   1.8645495e+01   1.1735107e+01
   1.8674675e+01   1.1753473e+01
   1.8703854e+01   1.1771839e+01
   1.8733033e+01   1.1790206e+01
   1.8762212e+01   1.1808572e+01
   1.8791391e+01   1.1826938e+01
   1.8820571e+01   1.1845305e+01
   1.8849750e+01   1.1863671e+01
   1.8878929e+01   1.1882038e+01
   1.8908108e+01   1.1900404e+01
   1.8937287e+01   1.1918770e+01
   1.8966466e+01   1.1937137e+01
   1.8995646e+01   1.1955503e+01
   1.9024825e+01   1.1973869e+01
   1.9054004e+01   1.1992236e+01
   1.9083183e+01   1.2010602e+01
   1.9112362e+01   1.2028969e+01
   1.9141542e+01   1.2047335e+01
   1.9170721e+01   1.2065701e+01
   1.9199900e+01   1.2084068e+01
   1.9229079e+01   1.2102434e+01
   1.9258258e+01   1.2120800e+01
   1.9287437e+01   1.2139167e+01
   1.9316617e+01   1.2157533e+01
   1.9345796e+01   1.2175899e+01
   1.9374975e+01   1.2194266e+01
   1.9404154e+01   1.2212632e+01
   1.9433333e+01   1.2230999e+01
   1.9462513e+01   1.2249365e+01
   1.9491692e+01   1.2267731e+01
   1.9520871e+01   1.2286098e+01
   1.9550050e+01   1.2304464e+01
   1.9579229e+01   1.2322830e+01
   1.9608408e+01   1.2341197e+01
   1.9637588e+01   1.2359563e+01
   1.9666767e+01   1.2377930e+01
   1.9695946e+01   1.2396296e+01
   1.9725125e+01   1.2414662e+01
   1.9754304e+01   1.2433029e+01
   1.9783483e+01   1.2451395e+01
   1.9812663e+01   1.2469761e+01
   1.9841842e+01   1.2488128e+01
   1.9871021e+01   1.2506494e+01
   1.9900200e+01   1.2524861e+01
   1.9929379e+01   1.2543227e+01
   1.9958559e+01   1.2561593e+01
   1.9987738e+01   1.2579960e+01
   2.0016917e+01   1.2598326e+01
   2.0046096e+01   1.2616692e+01
   2.0075275e+01   1.2635059e+01
   2.0104454e+01   1.2653425e+01
   2.0133634e+01   1.2671792e+01
   2.0162813e+01   1.2690158e+01
   2.0191992e+01   1.2708524e+01
   2.0221171e+01   1.2726891e+01
   2.0250350e+01   1.2745257e+01
   2.0279530e+01   1.2763623e+01
   2.0308709e+01   1.2781990e+01
   2.0337888e+01   1.2800356e+01
   2.0367067e+01   1.2818722e+01
   2.0396246e+01   1.2837089e+01
   2.0425425e+01   1.2855455e+01
   2.0454605e+01   1.2873822e+01
   2.0483784e+01   1.2892188e+01
   2.0512963e+01   1.2910554e+01
   2.0542142e+01   1.2928921e+01
   2.0571321e+01   1.2947287e+01
   2.0600501e+01   1.2965653e+01
   2.0629680e+01   1.2984020e+01
   2.0658859e+01   1.3002386e+01
   2.0688038e+01   1.3020753e+01
   2.0717217e+01   1.3039119e+01
   2.0746396e+01   1.3057485e+01
   2.0775576e+01   1.3075852e+01
   2.0804755e+01   1.3094218e+01
   2.0833934e+01   1.3112584e+01
   2.0863113e+01   1.3130951e+01
   2.0892292e+01   1.3149317e+01
   2.0921471e+01   1.3167684e+01
   2.0950651e+01   1.3186050e+01
   2.0979830e+01   1.3204416e+01
   2.1009009e+01   1.3222783e+01
   2.1038188e+01   1.3241149e+01
   2.1067367e+01   1.3259515e+01
   2.1096547e+01   1.3277882e+01
   2.1125726e+01   1.3296248e+01
   2.1154905e+01   1.3314614e+01
   2.1184084e+01   1.3332981e+01
   2.1213263e+01   1.3351347e+01
   2.1242442e+01   1.3369714e+01
   2.1271622e+01   1.3388080e+01
   2.1300801e+01   1.3406446e+01
   2.1329980e+01   1.3424813e+01
   2.1359159e+01   1.3443179e+01
   2.1388338e+01   1.3461545e+01
   2.1417518e+01   1.3479912e+01
   2.1446697e+01   1.3498278e+01
   2.1475876e+01   1.3516645e+01
   2.1505055e+01   1.3535011e+01
   2.1534234e+01   1.3553377e+01
   2.1563413e+01   1.3571744e+01
   2.1592593e+01   1.3590110e+01
   2.1621772e+01   1.3608476e+01
   2.1650951e+01   1.3626843e+01
   2.1680130e+01   1.3645209e+01
   2.1709309e+01   1.3663576e+01
   2.1738488e+01   1.3681942e+01
   2.1767668e+01   1.3700308e+01
   2.1796847e+01   1.3718675e+01
   2.1826026e+01   1.3737041e+01
   2.1855205e+01   1.3755407e+01
   2.1884384e+01   1.3773774e+01
   2.1913564e+01   1.3792140e+01
   2.1942743e+01   1.3810506e+01
   2.1971922e+01   1.3828873e+01
   2.2001101e+01   1.3847239e+01
   2.2030280e+01   1.3865606e+01
   2.2059459e+01   1.3883972e+01
   2.2088639e+01   1.3902338e+01
   2.2117818e+01   1.3920705e+01
   2.2146997e+01   1.3939071e+01
   2.2176176e+01   1.3957437e+01
   2.2205355e+01   1.3975804e+01
   2.2234535e+01   1.3994170e+01
   2.2263714e+01   1.4012537e+01
   2.2292893e+01   1.4030903e+01
   2.2322072e+01   1.4049269e+01
   2.2351251e+01   1.4067636e+01
   2.2380430e+01   1.4086002e+01
   2.2409610e+01   1.4104368e+01
   2.2438789e+01   1.4122735e+01
   2.2467968e+01   1.4141101e+01
   2.2497147e+01   1.4159468e+01
   2.2526326e+01   1.4177834e+01
   2.2555506e+01   1.4196200e+01
   2.2584685e+01   1.4214567e+01
   2.2613864e+01   1.4232933e+01
   2.2643043e+01   1.4251299e+01
   2.2672222e+01   1.4269666e+01
   2.2701401e+01   1.4288032e+01
   2.2730581e+01   1.4306398e+01
   2.2759760e+01   1.4324765e+01
   2.2788939e+01   1.4343131e+01
   2.2818118e+01   1.4361498e+01
   2.2847297e+01   1.4379864e+01
   2.2876476e+01   1.4398230e+01
   2.2905656e+01   1.4416597e+01
   2.2934835e+01   1.4434963e+01
   2.2964014e+01   1.4453329e+01
   2.2993193e+01   1.4471696e+01
   2.3022372e+01   1.4490062e+01
   2.3051552e+01   1.4508429e+01
   2.3080731e+01   1.4526795e+01
   2.3109910e+01   1.4545161e+01
   2.3139089e+01   1.4563528e+01
   2.3168268e+01   1.4581894e+01
   2.3197447e+01   1.4600260e+01
   2.3226627e+01   1.4618627e+01
   2.3255806e+01   1.4636993e+01
   2.3284985e+01   1.4655360e+01
   2.3314164e+01   1.4673726e+01
   2.3343343e+01   1.4692092e+01
   2.3372523e+01   1.4710459e+01
   2.3401702e+01   1.4728825e+01
   2.3430881e+01   1.4747191e+01
   2.3460060e+01   1.4765558e+01
   2.3489239e+01   1.4783924e+01
   2.3518418e+01   1.4802290e+01
   2.3547598e+01   1.4820657e+01
   2.3576777e+01   1.4839023e+01
   2.3605956e+01   1.4857390e+01
   2.3635135e+01   1.4875756e+01
   2.3664314e+01   1.4894122e+01
   2.3693493e+01   1.4912489e+01
   2.3722673e+01   1.4930855e+01
   2.3751852e+01   1.4949221e+01
   2.3781031e+01   1.4967588e+01
   2.3810210e+01   1.4985954e+01
   2.3839389e+01   1.5004321e+01
   2.3868569e+01   1.5022687e+01
   2.3897748e+01   1.5041053e+01
   2.3926927e+01   1.5059420e+01
   2.3956106e+01   1.5077786e+01
   2.3985285e+01   1.5096152e+01
   2.4014464e+01   1.5114519e+01
   2.4043644e+01   1.5132885e+01
   2.4072823e+01   1.5151252e+01
   2.4102002e+01   1.5169618e+01
   2.4131181e+01   1.5187984e+01
   2.4160360e+01   1.5206351e+01
   2.4189540e+01   1.5224717e+01
   2.4218719e+01   1.5243083e+01
   2.4247898e+01   1.5261450e+01
   2.4277077e+01   1.5279816e+01
   2.4306256e+01   1.5298182e+01
   2.4335435e+01   1.5316549e+01
   2.4364615e+01   1.5334915e+01
   2.4393794e+01   1.5353282e+01
   2.4422973e+01   1.5371648e+01
   2.4452152e+01   1.5390014e+01
   2.4481331e+01   1.5408381e+01
   2.4510511e+01   1.5426747e+01
   2.4539690e+01   1.5445113e+01
   2.4568869e+01   1.5463480e+01
   2.4598048e+01   1.5481846e+01
   2.4627227e+01   1.5500213e+01
   2.4656406e+01   1.5518579e+01
   2.4685586e+01   1.5536945e+01
   2.4714765e+01   1.5555312e+01
   2.4743944e+01   1.5573678e+01
   2.4773123e+01   1.5592044e+01
   2.4802302e+01   1.5610411e+01
   2.4831481e+01   1.5628777e+01
   2.4860661e+01   1.5647144e+01
   2.4889840e+01   1.5665510e+01
   2.4919019e+01   1.5683876e+01
   2.4948198e+01   1.5702243e+01
   2.4977377e+01   1.5720609e+01
   2.5006557e+01   1.5738975e+01
   2.5035736e+01   1.5757342e+01
   2.5064915e+01   1.5775708e+01
   2.5094094e+01   1.5794074e+01
   2.5123273e+01   1.5812441e+01
   2.5152452e+01   1.5830807e+01
   2.5181632e+01   1.5849174e+01
   2.5210811e+01   1.5867540e+01
   2.5239990e+01   1.5885906e+01
   2.5269169e+01   1.5904273e+01
   2.5298348e+01   1.5922639e+01
   2.5327528e+01   1.5941005e+01
   2.5356707e+01   1.5959372e+01
   2.5385886e+01   1.5977738e+01
   2.5415065e+01   1.5996105e+01
   2.5444244e+01   1.6014471e+01
   2.5473423e+01   1.6032837e+01
   2.5502603e+01   1.6051204e+01
   2.5531782e+01   1.6069570e+01
   2.5560961e+01   1.6087936e+01
   2.5590140e+01   1.6106303e+01
   2.5619319e+01   1.6124669e+01
   2.5648498e+01   1.6143036e+01
   2.5677678e+01   1.6161402e+01
   2.5706857e+01   1.6179768e+01
   2.5736036e+01   1.6198135e+01
   2.5765215e+01   1.6216501e+01
   2.5794394e+01   1.6234867e+01
   2.5823574e+01   1.6253234e+01
   2.5852753e+01   1.6271600e+01
   2.5881932e+01   1.6289966e+01
   2.5911111e+01   1.6308333e+01
   2.5940290e+01   1.6326699e+01
   2.5969469e+01   1.6345066e+01
   2.5998649e+01   1.6363432e+01
   2.6027828e+01   1.6381798e+01
   2.6057007e+01   1.6400165e+01
   2.6086186e+01   1.6418531e+01
   2.6115365e+01   1.6436897e+01
   2.6144545e+01   1.6455264e+01
   2.6173724e+01   1.6473630e+01
   2.6202903e+01   1.6491997e+01
   2.6232082e+01   1.6510363e+01
   2.6261261e+01   1.6528729e+01
   2.6290440e+01   1.6547096e+01
   2.6319620e+01   1.6565462e+01
   2.6348799e+01   1.6583828e+01
   2.6377978e+01   1.6602195e+01
   2.6407157e+01   1.6620561e+01
   2.6436336e+01   1.6638928e+01
   2.6465516e+01   1.6657294e+01
   2.6494695e+01   1.6675660e+01
   2.6523874e+01   1.6694027e+01
   2.6553053e+01   1.6712393e+01
   2.6582232e+01   1.6730759e+01
   2.6611411e+01   1.6749126e+01
   2.6640591e+01   1.6767492e+01
   2.6669770e+01   1.6785859e+01
   2.6698949e+01   1.6804225e+01
   2.6728128e+01   1.6822591e+01
   2.6757307e+01   1.6840958e+01
   2.6786486e+01   1.6859324e+01
   2.6815666e+01   1.6877690e+01
   2.6844845e+01   1.6896057e+01
   2.6874024e+01   1.6914423e+01
   2.6903203e+01   1.6932789e+01
   2.6932382e+01   1.6951156e+01
   2.6961562e+01   1.6969522e+01
   2.6990741e+01   1.6987889e+01
   2.7019920e+01   1.7006255e+01
   2.7049099e+01   1.7024621e+01
   2.7078278e+01   1.7042988e+01
   2.7107457e+01   1.7061354e+01
   2.7136637e+01   1.7079720e+01
   2.7165816e+01   1.7098087e+01
   2.7194995e+01   1.7116453e+01
   2.7224174e+01   1.7134820e+01
   2.7253353e+01   1.7153186e+01
   2.7282533e+01   1.7171552e+01
   2.7311712e+01   1.7189919e+01
   2.7340891e+01   1.7208285e+01
   2.7370070e+01   1.7226651e+01
   2.7399249e+01   1.7245018e+01
   2.7428428e+01   1.7263384e+01
   2.7457608e+01   1.7281751e+01
   2.7486787e+01   1.7300117e+01
   2.7515966e+01   1.7318483e+01
   2.7545145e+01   1.7336850e+01
   2.7574324e+01   1.7355216e+01
   2.7603504e+01   1.7373582e+01
   2.7632683e+01   1.7391949e+01
   2.7661862e+01   1.7410315e+01
   2.7691041e+01   1.7428681e+01
   2.7720220e+01   1.7447048e+01
   2.7749399e+01   1.7465414e+01
   2.7778579e+01   1.7483781e+01
   2.7807758e+01   1.7502147e+01
   2.7836937e+01   1.7520513e+01
   2.7866116e+01   1.7538880e+01
   2.7895295e+01   1.7557246e+01
   2.7924474e+01   1.7575612e+01
   2.7953654e+01   1.7593979e+01
   2.7982833e+01   1.7612345e+01
   2.8012012e+01   1.7630712e+01
   2.8041191e+01   1.7649078e+01
   2.8070370e+01   1.7667444e+01
   2.8099550e+01   1.7685811e+01
   2.8128729e+01   1.7704177e+01
   2.8157908e+01   1.7722543e+01
   2.8187087e+01   1.7740910e+01
   2.8216266e+01   1.7759276e+01
   2.8245445e+01   1.7777643e+01
   2.8274625e+01   1.7796009e+01
   2.8303804e+01   1.7814375e+01
   2.8332983e+01   1.7832742e+01
   2.8362162e+01   1.7851108e+01
   2.8391341e+01   1.7869474e+01
   2.8420521e+01   1.7887841e+01
   2.8449700e+01   1.7906207e+01
   2.8478879e+01   1.7924573e+01
   2.8508058e+01   1.7942940e+01
   2.8537237e+01   1.7961306e+01
   2.8566416e+01   1.7979673e+01
   2.8595596e+01   1.7998039e+01
   2.8624775e+01   1.8016405e+01
   2.8653954e+01   1.8034772e+01
   2.8683133e+01   1.8053138e+01
   2.8712312e+01   1.8071504e+01
   2.8741491e+01   1.8089871e+01
   2.8770671e+01   1.8108237e+01
   2.8799850e+01   1.8126604e+01
   2.8829029e+01   1.8144970e+01
   2.8858208e+01   1.8163336e+01
   2.8887387e+01   1.8181703e+01
   2.8916567e+01   1.8200069e+01
   2.8945746e+01   1.8218435e+01
   2.8974925e+01   1.8236802e+01
   2.9004104e+01   1.8255168e+01
   2.9033283e+01   1.8273535e+01
   2.9062462e+01   1.8291901e+01
   2.9091642e+01   1.8310267e+01
   2.9120821e+01   1.8328634e+01
   2.9150000e+01   1.8347000e+01
