  -2.9150000e+01   2.0917000e+01
  -2.9120821e+01   2.0905372e+01
  -2.9091642e+01   2.0893744e+01
  -2.9062462e+01   2.0882115e+01
  -2.9033283e+01   2.0870487e+01
  -2.9004104e+01   2.0858859e+01
  -2.8974925e+01   2.0847231e+01
  -2.8945746e+01   2.0835602e+01
  -2.8916567e+01   2.0823974e+01
  -2.8887387e+01   2.0812346e+01
  -2.8858208e+01   2.0800718e+01
  -2.8829029e+01   2.0789089e+01
  -2.8799850e+01   2.0777461e+01
  -2.8770671e+01   2.0765833e+01
  -2.8741491e+01   2.0754205e+01
  -2.8712312e+01   2.0742576e+01
  -2.8683133e+01   2.0730948e+01
  -2.8653954e+01   2.0719320e+01
  -2.8624775e+01   2.0707692e+01
  -2.8595596e+01   2.0696064e+01
  -2.8566416e+01   2.0684435e+01
  -2.8537237e+01   2.0672807e+01
  -2.8508058e+01   2.0661179e+01
  -2.8478879e+01   2.0649551e+01
  -2.8449700e+01   2.0637922e+01
  -2.8420521e+01   2.0626294e+01
  -2.8391341e+01   2.0614666e+01
  -2.8362162e+01   2.0603038e+01
  -2.8332983e+01   2.0591409e+01
  -2.8303804e+01   2.0579781e+01
  -2.8274625e+01   2.0568153e+01
  -2.8245445e+01   2.0556525e+01
  -2.8216266e+01   2.0544896e+01
  -2.8187087e+01   2.0533268e+01
  -2.8157908e+01   2.0521640e+01
  -2.8128729e+01   2.0510012e+01
  -2.8099550e+01   2.0498384e+01
  -2.8070370e+01   2.0486755e+01
  -2.8041191e+01   2.0475127e+01
  -2.8012012e+01   2.0463499e+01
  -2.7982833e+01   2.0451871e+01
  -2.7953654e+01   2.0440242e+01
  -2.7924474e+01   2.0428614e+01
  -2.7895295e+01   2.0416986e+01
  -2.7866116e+01   2.0405358e+01
  -2.7836937e+01   2.0393729e+01
  -2.7807758e+01   2.0382101e+01
  -2.7778579e+01   2.0370473e+01
  -2.7749399e+01   2.0358845e+01
  -2.7720220e+01   2.0347216e+01
  -2.7691041e+01   2.0335588e+01
  -2.7661862e+01   2.0323960e+01
  -2.7632683e+01   2.0312332e+01
  -2.7603504e+01   2.0300703e+01
  -2.7574324e+01   2.0289075e+01
  -2.7545145e+01   2.0277447e+01
  -2.7515966e+01   2.0265819e+01
  -2.7486787e+01   2.0254191e+01
  -2.7457608e+01   2.0242562e+01
  -2.7428428e+01   2.0230934e+01
  -2.7399249e+01   2.0219306e+01
  -2.7370070e+01   2.0207678e+01
  -2.7340891e+01   2.0196049e+01
  -2.7311712e+01   2.0184421e+01
  -2.7282533e+01   2.0172793e+01
  -2.7253353e+01   2.0161165e+01
  -2.7224174e+01   2.0149536e+01
  -2.7194995e+01   2.0137908e+01
  -2.7165816e+01   2.0126280e+01
  -2.7136637e+01   2.0114652e+01
  -2.7107457e+01   2.0103023e+01
  -2.7078278e+01   2.0091395e+01
  -2.7049099e+01   2.0079767e+01
  -2.7019920e+01   2.0068139e+01
  -2.6990741e+01   2.0056511e+01
  -2.6961562e+01   2.0044882e+01
  -2.6932382e+01   2.0033254e+01
  -2.6903203e+01   2.0021626e+01
  -2.6874024e+01   2.0009998e+01
  -2.6844845e+01   1.9998369e+01
  -2.6815666e+01   1.9986741e+01
  -2.6786486e+01   1.9975113e+01
  -2.6757307e+01   1.9963485e+01
  -2.6728128e+01   1.9951856e+01
  -2.6698949e+01   1.9940228e+01
  -2.6669770e+01   1.9928600e+01
  -2.6640591e+01   1.9916972e+01
  -2.6611411e+01   1.9905343e+01
  -2.6582232e+01   1.9893715e+01
  -2.6553053e+01   1.9882087e+01
  -2.6523874e+01   1.9870459e+01
  -2.6494695e+01   1.9858831e+01
  -2.6465516e+01   1.9847202e+01
  -2.6436336e+01   1.9835574e+01
  -2.6407157e+01   1.9823946e+01
  -2.6377978e+01   1.9812318e+01
  -2.6348799e+01   1.9800689e+01
  -2.6319620e+01   1.9789061e+01
  -2.6290440e+01   1.9777433e+01
  -2.6261261e+01   1.9765805e+01
  -2.6232082e+01   1.9754176e+01
  -2.6202903e+01   1.9742548e+01
  -2.6173724e+01   1.9730920e+01
  -2.6144545e+01   1.9719292e+01
  -2.6115365e+01   1.9707663e+01
  -2.6086186e+01   1.9696035e+01
  -2.6057007e+01   1.9684407e+01
  -2.6027828e+01   1.9672779e+01
  -2.5998649e+01   1.9661151e+01
  -2.5969469e+01   1.9649522e+01
  -2.5940290e+01   1.9637894e+01
  -2.5911111e+01   1.9626266e+01
  -2.5881932e+01   1.9614638e+01
  -2.5852753e+01   1.9603009e+01
  -2.5823574e+01   1.9591381e+01
  -2.5794394e+01   1.9579753e+01
  -2.5765215e+01   1.9568125e+01
  -2.5736036e+01   1.9556496e+01
  -2.5706857e+01   1.9544868e+01
  -2.5677678e+01   1.9533240e+01
  -2.5648498e+01   1.9521612e+01
  -2.5619319e+01   1.9509983e+01
  -2.5590140e+01   1.9498355e+01
  -2.5560961e+01   1.9486727e+01
  -2.5531782e+01   1.9475099e+01
  -2.5502603e+01   1.9463471e+01
  -2.5473423e+01   1.9451842e+01
  -2.5444244e+01   1.9440214e+01
  -2.5415065e+01   1.9428586e+01
  -2.5385886e+01   1.9416958e+01
  -2.5356707e+01   1.9405329e+01
  -2.5327528e+01   1.9393701e+01
  -2.5298348e+01   1.9382073e+01
  -2.5269169e+01   1.9370445e+01
  -2.5239990e+01   1.9358816e+01
  -2.5210811e+01   1.9347188e+01
  -2.5181632e+01   1.9335560e+01
  -2.5152452e+01   1.9323932e+01
  -2.5123273e+01   1.9312303e+01
  -2.5094094e+01   1.9300675e+01
  -2.5064915e+01   1.9289047e+01
  -2.5035736e+01   1.9277419e+01
  -2.5006557e+01   1.9265791e+01
  -2.4977377e+01   1.9254162e+01
  -2.4948198e+01   1.9242534e+01
  -2.4919019e+01   1.9230906e+01
  -2.4889840e+01   1.9219278e+01
  -2.4860661e+01   1.9207649e+01
  -2.4831481e+01   1.9196021e+01
  -2.4802302e+01   1.9184393e+01
  -2.4773123e+01   1.9172765e+01
  -2.4743944e+01   1.9161136e+01
  -2.4714765e+01   1.9149508e+01
  -2.4685586e+01   1.9137880e+01
  -2.4656406e+01   1.9126252e+01
  -2.4627227e+01   1.9114623e+01
  -2.4598048e+01   1.9102995e+01
  -2.4568869e+01   1.9091367e+01
  -2.4539690e+01   1.9079739e+01
  -2.4510511e+01   1.9068110e+01
  -2.4481331e+01   1.9056482e+01
  -2.4452152e+01   1.9044854e+01
  -2.4422973e+01   1.9033226e+01
  -2.4393794e+01   1.9021598e+01
  -2.4364615e+01   1.9009969e+01
  -2.4335435e+01   1.8998341e+01
  -2.4306256e+01   1.8986713e+01
  -2.4277077e+01   1.8975085e+01
  -2.4247898e+01   1.8963456e+01
  -2.4218719e+01   1.8951828e+01
  -2.4189540e+01   1.8940200e+01
  -2.4160360e+01   1.8928572e+01
  -2.4131181e+01   1.8916943e+01
  -2.4102002e+01   1.8905315e+01
  -2.4072823e+01   1.8893687e+01
  -2.4043644e+01   1.8882059e+01
  -2.4014464e+01   1.8870430e+01
  -2.3985285e+01   1.8858802e+01
  -2.3956106e+01   1.8847174e+01
  -2.3926927e+01   1.8835546e+01
  -2.3897748e+01   1.8823918e+01
  -2.3868569e+01   1.8812289e+01
  -2.3839389e+01   1.8800661e+01
  -2.3810210e+01   1.8789033e+01
  -2.3781031e+01   1.8777405e+01
  -2.3751852e+01   1.8765776e+01
  -2.3722673e+01   1.8754148e+01
  -2.3693493e+01   1.8742520e+01
  -2.3664314e+01   1.8730892e+01
  -2.3635135e+01   1.8719263e+01
  -2.3605956e+01   1.8707635e+01
  -2.3576777e+01   1.8696007e+01
  -2.3547598e+01   1.8684379e+01
  -2.3518418e+01   1.8672750e+01
  -2.3489239e+01   1.8661122e+01
  -2.3460060e+01   1.8649494e+01
  -2.3430881e+01   1.8637866e+01
  -2.3401702e+01   1.8626238e+01
  -2.3372523e+01   1.8614609e+01
  -2.3343343e+01   1.8602981e+01
  -2.3314164e+01   1.8591353e+01
  -2.3284985e+01   1.8579725e+01
  -2.3255806e+01   1.8568096e+01
  -2.3226627e+01   1.8556468e+01
  -2.3197447e+01   1.8544840e+01
  -2.3168268e+01   1.8533212e+01
  -2.3139089e+01   1.8521583e+01
  -2.3109910e+01   1.8509955e+01
  -2.3080731e+01   1.8498327e+01
  -2.3051552e+01   1.8486699e+01
  -2.3022372e+01   1.8475070e+01
  -2.2993193e+01   1.8463442e+01
  -2.2964014e+01   1.8451814e+01
  -2.2934835e+01   1.8440186e+01
  -2.2905656e+01   1.8428558e+01
  -2.2876476e+01   1.8416929e+01
  -2.2847297e+01   1.8405301e+01
  -2.2818118e+01   1.8393673e+01
  -2.2788939e+01   1.8382045e+01
  -2.2759760e+01   1.8370416e+01
  -2.2730581e+01   1.8358788e+01
  -2.2701401e+01   1.8347160e+01
  -2.2672222e+01   1.8335532e+01
  -2.2643043e+01   1.8323903e+01
  -2.2613864e+01   1.8312275e+01
  -2.2584685e+01   1.8300647e+01
  -2.2555506e+01   1.8289019e+01
  -2.2526326e+01   1.8277390e+01
  -2.2497147e+01   1.8265762e+01
  -2.2467968e+01   1.8254134e+01
  -2.2438789e+01   1.8242506e+01
  -2.2409610e+01   1.8230878e+01
  -2.2380430e+01   1.8219249e+01
  -2.2351251e+01   1.8207621e+01
  -2.2322072e+01   1.8195993e+01
  -2.2292893e+01   1.8184365e+01
  -2.2263714e+01   1.8172736e+01
  -2.2234535e+01   1.8161108e+01
  -2.2205355e+01   1.8149480e+01
  -2.2176176e+01   1.8137852e+01
  -2.2146997e+01   1.8126223e+01
  -2.2117818e+01   1.8114595e+01
  -2.2088639e+01   1.8102967e+01
  -2.2059459e+01   1.8091339e+01
  -2.2030280e+01   1.8079710e+01
  -2.2001101e+01   1.8068082e+01
  -2.1971922e+01   1.8056454e+01
  -2.1942743e+01   1.8044826e+01
  -2.1913564e+01   1.8033197e+01
  -2.1884384e+01   1.8021569e+01
  -2.1855205e+01   1.8009941e+01
  -2.1826026e+01   1.7998313e+01
  -2.1796847e+01   1.7986685e+01
  -2.1767668e+01   1.7975056e+01
  -2.1738488e+01   1.7963428e+01
  -2.1709309e+01   1.7951800e+01
  -2.1680130e+01   1.7940172e+01
  -2.1650951e+01   1.7928543e+01
  -2.1621772e+01   1.7916915e+01
  -2.1592593e+01   1.7905287e+01
  -2.1563413e+01   1.7893659e+01
  -2.1534234e+01   1.7882030e+01
  -2.1505055e+01   1.7870402e+01
  -2.1475876e+01   1.7858774e+01
  -2.1446697e+01   1.7847146e+01
  -2.1417518e+01   1.7835517e+01
  -2.1388338e+01   1.7823889e+01
  -2.1359159e+01   1.7812261e+01
  -2.1329980e+01   1.7800633e+01
  -2.1300801e+01   1.7789005e+01
  -2.1271622e+01   1.7777376e+01
  -2.1242442e+01   1.7765748e+01
  -2.1213263e+01   1.7754120e+01
  -2.1184084e+01   1.7742492e+01
  -2.1154905e+01   1.7730863e+01
  -2.1125726e+01   1.7719235e+01
  -2.1096547e+01   1.7707607e+01
  -2.1067367e+01   1.7695979e+01
  -2.1038188e+01   1.7684350e+01
  -2.1009009e+01   1.7672722e+01
  -2.0979830e+01   1.7661094e+01
  -2.0950651e+01   1.7649466e+01
  -2.0921471e+01   1.7637837e+01
  -2.0892292e+01   1.7626209e+01
  -2.0863113e+01   1.7614581e+01
  -2.0833934e+01   1.7602953e+01
  -2.0804755e+01   1.7591325e+01
  -2.0775576e+01   1.7579696e+01
  -2.0746396e+01   1.7568068e+01
  -2.0717217e+01   1.7556440e+01
  -2.0688038e+01   1.7544812e+01
  -2.0658859e+01   1.7533183e+01
  -2.0629680e+01   1.7521555e+01
  -2.0600501e+01   1.7509927e+01
  -2.0571321e+01   1.7498299e+01
  -2.0542142e+01   1.7486670e+01
  -2.0512963e+01   1.7475042e+01
  -2.0483784e+01   1.7463414e+01
  -2.0454605e+01   1.7451786e+01
  -2.0425425e+01   1.7440157e+01
  -2.0396246e+01   1.7428529e+01
  -2.0367067e+01   1.7416901e+01
  -2.0337888e+01   1.7405273e+01
  -2.0308709e+01   1.7393645e+01
  -2.0279530e+01   1.7382016e+01
  -2.0250350e+01   1.7370388e+01
  -2.0221171e+01   1.7358760e+01
  -2.0191992e+01   1.7347132e+01
  -2.0162813e+01   1.7335503e+01
  -2.0133634e+01   1.7323875e+01
  -2.0104454e+01   1.7312247e+01
  -2.0075275e+01   1.7300619e+01
  -2.0046096e+01   1.7288990e+01
  -2.0016917e+01   1.7277362e+01
  -1.9987738e+01   1.7265734e+01
  -1.9958559e+01   1.7254106e+01
  -1.9929379e+01   1.7242477e+01
  -1.9900200e+01   1.7230849e+01
  -1.9871021e+01   1.7219221e+01
  -1.9841842e+01   1.7207593e+01
  -1.9812663e+01   1.7195965e+01
  -1.9783483e+01   1.7184336e+01
  -1.9754304e+01   1.7172708e+01
  -1.9725125e+01   1.7161080e+01
  -1.9695946e+01   1.7149452e+01
  -1.9666767e+01   1.7137823e+01
  -1.9637588e+01   1.7126195e+01
  -1.9608408e+01   1.7114567e+01
  -1.9579229e+01   1.7102939e+01
  -1.9550050e+01   1.7091310e+01
  -1.9520871e+01   1.7079682e+01
  -1.9491692e+01   1.7068054e+01
  -1.9462513e+01   1.7056426e+01
  -1.9433333e+01   1.7044797e+01
  -1.9404154e+01   1.7033169e+01
  -1.9374975e+01   1.7021541e+01
  -1.9345796e+01   1.7009913e+01
  -1.9316617e+01   1.6998285e+01
  -1.9287437e+01   1.6986656e+01
  -1.9258258e+01   1.6975028e+01
  -1.9229079e+01   1.6963400e+01
  -1.9199900e+01   1.6951772e+01
  -1.9170721e+01   1.6940143e+01
  -1.9141542e+01   1.6928515e+01
  -1.9112362e+01   1.6916887e+01
  -1.9083183e+01   1.6905259e+01
  -1.9054004e+01   1.6893630e+01
  -1.9024825e+01   1.6882002e+01
  -1.8995646e+01   1.6870374e+01
  -1.8966466e+01   1.6858746e+01
  -1.8937287e+01   1.6847117e+01
  -1.8908108e+01   1.6835489e+01
  -1.8878929e+01   1.6823861e+01
  -1.8849750e+01   1.6812233e+01
  -1.8820571e+01   1.6800604e+01
  -1.8791391e+01   1.6788976e+01
  -1.8762212e+01   1.6777348e+01
  -1.8733033e+01   1.6765720e+01
  -1.8703854e+01   1.6754092e+01
  -1.8674675e+01   1.6742463e+01
  -1.8645495e+01   1.6730835e+01
  -1.8616316e+01   1.6719207e+01
  -1.8587137e+01   1.6707579e+01
  -1.8557958e+01   1.6695950e+01
  -1.8528779e+01   1.6684322e+01
  -1.8499600e+01   1.6672694e+01
  -1.8470420e+01   1.6661066e+01
  -1.8441241e+01   1.6649437e+01
  -1.8412062e+01   1.6637809e+01
  -1.8382883e+01   1.6626181e+01
  -1.8353704e+01   1.6614553e+01
  -1.8324525e+01   1.6602924e+01
  -1.8295345e+01   1.6591296e+01
  -1.8266166e+01   1.6579668e+01
  -1.8236987e+01   1.6568040e+01
  -1.8207808e+01   1.6556412e+01
  -1.8178629e+01   1.6544783e+01
  -1.8149449e+01   1.6533155e+01
  -1.8120270e+01   1.6521527e+01
  -1.8091091e+01   1.6509899e+01
  -1.8061912e+01   1.6498270e+01
  -1.8032733e+01   1.6486642e+01
  -1.8003554e+01   1.6475014e+01
  -1.7974374e+01   1.6463386e+01
  -1.7945195e+01   1.6451757e+01
  -1.7916016e+01   1.6440129e+01
  -1.7886837e+01   1.6428501e+01
  -1.7857658e+01   1.6416873e+01
  -1.7828478e+01   1.6405244e+01
  -1.7799299e+01   1.6393616e+01
  -1.7770120e+01   1.6381988e+01
  -1.7740941e+01   1.6370360e+01
  -1.7711762e+01   1.6358732e+01
  -1.7682583e+01   1.6347103e+01
  -1.7653403e+01   1.6335475e+01
  -1.7624224e+01   1.6323847e+01
  -1.7595045e+01   1.6312219e+01
  -1.7565866e+01   1.6300590e+01
  -1.7536687e+01   1.6288962e+01
  -1.7507508e+01   1.6277334e+01
  -1.7478328e+01   1.6265706e+01
  -1.7449149e+01   1.6254077e+01
  -1.7419970e+01   1.6242449e+01
  -1.7390791e+01   1.6230821e+01
  -1.7361612e+01   1.6219193e+01
  -1.7332432e+01   1.6207564e+01
  -1.7303253e+01   1.6195936e+01
  -1.7274074e+01   1.6184308e+01
  -1.7244895e+01   1.6172680e+01
  -1.7215716e+01   1.6161052e+01
  -1.7186537e+01   1.6149423e+01
  -1.7157357e+01   1.6137795e+01
  -1.7128178e+01   1.6126167e+01
  -1.7098999e+01   1.6114539e+01
  -1.7069820e+01   1.6102910e+01
  -1.7040641e+01   1.6091282e+01
  -1.7011461e+01   1.6079654e+01
  -1.6982282e+01   1.6068026e+01
  -1.6953103e+01   1.6056397e+01
  -1.6923924e+01   1.6044769e+01
  -1.6894745e+01   1.6033141e+01
  -1.6865566e+01   1.6021513e+01
  -1.6836386e+01   1.6009884e+01
  -1.6807207e+01   1.5998256e+01
  -1.6778028e+01   1.5986628e+01
  -1.6748849e+01   1.5975000e+01
  -1.6719670e+01   1.5963372e+01
  -1.6690490e+01   1.5951743e+01
  -1.6661311e+01   1.5940115e+01
  -1.6632132e+01   1.5928487e+01
  -1.6602953e+01   1.5916859e+01
  -1.6573774e+01   1.5905230e+01
  -1.6544595e+01   1.5893602e+01
  -1.6515415e+01   1.5881974e+01
  -1.6486236e+01   1.5870346e+01
  -1.6457057e+01   1.5858717e+01
  -1.6427878e+01   1.5847089e+01
  -1.6398699e+01   1.5835461e+01
  -1.6369520e+01   1.5823833e+01
  -1.6340340e+01   1.5812204e+01
  -1.6311161e+01   1.5800576e+01
  -1.6281982e+01   1.5788948e+01
  -1.6252803e+01   1.5777320e+01
  -1.6223624e+01   1.5765691e+01
  -1.6194444e+01   1.5754063e+01
  -1.6165265e+01   1.5742435e+01
  -1.6136086e+01   1.5730807e+01
  -1.6106907e+01   1.5719179e+01
  -1.6077728e+01   1.5707550e+01
  -1.6048549e+01   1.5695922e+01
  -1.6019369e+01   1.5684294e+01
  -1.5990190e+01   1.5672666e+01
  -1.5961011e+01   1.5661037e+01
  -1.5931832e+01   1.5649409e+01
  -1.5902653e+01   1.5637781e+01
  -1.5873473e+01   1.5626153e+01
  -1.5844294e+01   1.5614524e+01
  -1.5815115e+01   1.5602896e+01
  -1.5785936e+01   1.5591268e+01
  -1.5756757e+01   1.5579640e+01
  -1.5727578e+01   1.5568011e+01
  -1.5698398e+01   1.5556383e+01
  -1.5669219e+01   1.5544755e+01
  -1.5640040e+01   1.5533127e+01
  -1.5610861e+01   1.5521499e+01
  -1.5581682e+01   1.5509870e+01
  -1.5552503e+01   1.5498242e+01
  -1.5523323e+01   1.5486614e+01
  -1.5494144e+01   1.5474986e+01
  -1.5464965e+01   1.5463357e+01
  -1.5435786e+01   1.5451729e+01
  -1.5406607e+01   1.5440101e+01
  -1.5377427e+01   1.5428473e+01
  -1.5348248e+01   1.5416844e+01
  -1.5319069e+01   1.5405216e+01
  -1.5289890e+01   1.5393588e+01
  -1.5260711e+01   1.5381960e+01
  -1.5231532e+01   1.5370331e+01
  -1.5202352e+01   1.5358703e+01
  -1.5173173e+01   1.5347075e+01
  -1.5143994e+01   1.5335447e+01
  -1.5114815e+01   1.5323819e+01
  -1.5085636e+01   1.5312190e+01
  -1.5056456e+01   1.5300562e+01
  -1.5027277e+01   1.5288934e+01
  -1.4998098e+01   1.5277306e+01
  -1.4968919e+01   1.5265677e+01
  -1.4939740e+01   1.5254049e+01
  -1.4910561e+01   1.5242421e+01
  -1.4881381e+01   1.5230793e+01
  -1.4852202e+01   1.5219164e+01
  -1.4823023e+01   1.5207536e+01
  -1.4793844e+01   1.5195908e+01
  -1.4764665e+01   1.5184280e+01
  -1.4735485e+01   1.5172651e+01
  -1.4706306e+01   1.5161023e+01
  -1.4677127e+01   1.5149395e+01
  -1.4647948e+01   1.5137767e+01
  -1.4618769e+01   1.5126139e+01
  -1.4589590e+01   1.5114510e+01
  -1.4560410e+01   1.5102882e+01
  -1.4531231e+01   1.5091254e+01
  -1.4502052e+01   1.5079626e+01
  -1.4472873e+01   1.5067997e+01
  -1.4443694e+01   1.5056369e+01
  -1.4414515e+01   1.5044741e+01
  -1.4385335e+01   1.5033113e+01
  -1.4356156e+01   1.5021484e+01
  -1.4326977e+01   1.5009856e+01
  -1.4297798e+01   1.4998228e+01
  -1.4268619e+01   1.4986600e+01
  -1.4239439e+01   1.4974971e+01
  -1.4210260e+01   1.4963343e+01
  -1.4181081e+01   1.4951715e+01
  -1.4151902e+01   1.4940087e+01
  -1.4122723e+01   1.4928459e+01
  -1.4093544e+01   1.4916830e+01
  -1.4064364e+01   1.4905202e+01
  -1.4035185e+01   1.4893574e+01
  -1.4006006e+01   1.4881946e+01
  -1.3976827e+01   1.4870317e+01
  -1.3947648e+01   1.4858689e+01
  -1.3918468e+01   1.4847061e+01
  -1.3889289e+01   1.4835433e+01
  -1.3860110e+01   1.4823804e+01
  -1.3830931e+01   1.4812176e+01
  -1.3801752e+01   1.4800548e+01
  -1.3772573e+01   1.4788920e+01
  -1.3743393e+01   1.4777291e+01
  -1.3714214e+01   1.4765663e+01
  -1.3685035e+01   1.4754035e+01
  -1.3655856e+01   1.4742407e+01
  -1.3626677e+01   1.4730778e+01
  -1.3597497e+01   1.4719150e+01
  -1.3568318e+01   1.4707522e+01
  -1.3539139e+01   1.4695894e+01
  -1.3509960e+01   1.4684266e+01
  -1.3480781e+01   1.4672637e+01
  -1.3451602e+01   1.4661009e+01
  -1.3422422e+01   1.4649381e+01
  -1.3393243e+01   1.4637753e+01
  -1.3364064e+01   1.4626124e+01
  -1.3334885e+01   1.4614496e+01
  -1.3305706e+01   1.4602868e+01
  -1.3276527e+01   1.4591240e+01
  -1.3247347e+01   1.4579611e+01
  -1.3218168e+01   1.4567983e+01
  -1.3188989e+01   1.4556355e+01
  -1.3159810e+01   1.4544727e+01
  -1.3130631e+01   1.4533098e+01
  -1.3101451e+01   1.4521470e+01
  -1.3072272e+01   1.4509842e+01
  -1.3043093e+01   1.4498214e+01
  -1.3013914e+01   1.4486586e+01
  -1.2984735e+01   1.4474957e+01
  -1.2955556e+01   1.4463329e+01
  -1.2926376e+01   1.4451701e+01
  -1.2897197e+01   1.4440073e+01
  -1.2868018e+01   1.4428444e+01
  -1.2838839e+01   1.4416816e+01
  -1.2809660e+01   1.4405188e+01
  -1.2780480e+01   1.4393560e+01
  -1.2751301e+01   1.4381931e+01
  -1.2722122e+01   1.4370303e+01
  -1.2692943e+01   1.4358675e+01
  -1.2663764e+01   1.4347047e+01
  -1.2634585e+01   1.4335418e+01
  -1.2605405e+01   1.4323790e+01
  -1.2576226e+01   1.4312162e+01
  -1.2547047e+01   1.4300534e+01
  -1.2517868e+01   1.4288906e+01
  -1.2488689e+01   1.4277277e+01
  -1.2459510e+01   1.4265649e+01
  -1.2430330e+01   1.4254021e+01
  -1.2401151e+01   1.4242393e+01
  -1.2371972e+01   1.4230764e+01
  -1.2342793e+01   1.4219136e+01
  -1.2313614e+01   1.4207508e+01
  -1.2284434e+01   1.4195880e+01
  -1.2255255e+01   1.4184251e+01
  -1.2226076e+01   1.4172623e+01
  -1.2196897e+01   1.4160995e+01
  -1.2167718e+01   1.4149367e+01
  -1.2138539e+01   1.4137738e+01
  -1.2109359e+01   1.4126110e+01
  -1.2080180e+01   1.4114482e+01
  -1.2051001e+01   1.4102854e+01
  -1.2021822e+01   1.4091226e+01
  -1.1992643e+01   1.4079597e+01
  -1.1963463e+01   1.4067969e+01
  -1.1934284e+01   1.4056341e+01
  -1.1905105e+01   1.4044713e+01
  -1.1875926e+01   1.4033084e+01
  -1.1846747e+01   1.4021456e+01
  -1.1817568e+01   1.4009828e+01
  -1.1788388e+01   1.3998200e+01
  -1.1759209e+01   1.3986571e+01
  -1.1730030e+01   1.3974943e+01
  -1.1700851e+01   1.3963315e+01
  -1.1671672e+01   1.3951687e+01
  -1.1642492e+01   1.3940058e+01
  -1.1613313e+01   1.3928430e+01
  -1.1584134e+01   1.3916802e+01
  -1.1554955e+01   1.3905174e+01
  -1.1525776e+01   1.3893546e+01
  -1.1496597e+01   1.3881917e+01
  -1.1467417e+01   1.3870289e+01
  -1.1438238e+01   1.3858661e+01
  -1.1409059e+01   1.3847033e+01
  -1.1379880e+01   1.3835404e+01
  -1.1350701e+01   1.3823776e+01
  -1.1321522e+01   1.3812148e+01
  -1.1292342e+01   1.3800520e+01
  -1.1263163e+01   1.3788891e+01
  -1.1233984e+01   1.3777263e+01
  -1.1204805e+01   1.3765635e+01
  -1.1175626e+01   1.3754007e+01
  -1.1146446e+01   1.3742378e+01
  -1.1117267e+01   1.3730750e+01
  -1.1088088e+01   1.3719122e+01
  -1.1058909e+01   1.3707494e+01
  -1.1029730e+01   1.3695866e+01
  -1.1000551e+01   1.3684237e+01
  -1.0971371e+01   1.3672609e+01
  -1.0942192e+01   1.3660981e+01
  -1.0913013e+01   1.3649353e+01
  -1.0883834e+01   1.3637724e+01
  -1.0854655e+01   1.3626096e+01
  -1.0825475e+01   1.3614468e+01
  -1.0796296e+01   1.3602840e+01
  -1.0767117e+01   1.3591211e+01
  -1.0737938e+01   1.3579583e+01
  -1.0708759e+01   1.3567955e+01
  -1.0679580e+01   1.3556327e+01
  -1.0650400e+01   1.3544698e+01
  -1.0621221e+01   1.3533070e+01
  -1.0592042e+01   1.3521442e+01
  -1.0562863e+01   1.3509814e+01
  -1.0533684e+01   1.3498185e+01
  -1.0504505e+01   1.3486557e+01
  -1.0475325e+01   1.3474929e+01
  -1.0446146e+01   1.3463301e+01
  -1.0416967e+01   1.3451673e+01
  -1.0387788e+01   1.3440044e+01
  -1.0358609e+01   1.3428416e+01
  -1.0329429e+01   1.3416788e+01
  -1.0300250e+01   1.3405160e+01
  -1.0271071e+01   1.3393531e+01
  -1.0241892e+01   1.3381903e+01
  -1.0212713e+01   1.3370275e+01
  -1.0183534e+01   1.3358647e+01
  -1.0154354e+01   1.3347018e+01
  -1.0125175e+01   1.3335390e+01
  -1.0095996e+01   1.3323762e+01
  -1.0066817e+01   1.3312134e+01
  -1.0037638e+01   1.3300505e+01
  -1.0008458e+01   1.3288877e+01
  -9.9792793e+00   1.3277249e+01
  -9.9501001e+00   1.3265621e+01
  -9.9209209e+00   1.3253993e+01
  -9.8917417e+00   1.3242364e+01
  -9.8625626e+00   1.3230736e+01
  -9.8333834e+00   1.3219108e+01
  -9.8042042e+00   1.3207480e+01
  -9.7750250e+00   1.3195851e+01
  -9.7458458e+00   1.3184223e+01
  -9.7166667e+00   1.3172595e+01
  -9.6874875e+00   1.3160967e+01
  -9.6583083e+00   1.3149338e+01
  -9.6291291e+00   1.3137710e+01
  -9.5999499e+00   1.3126082e+01
  -9.5707708e+00   1.3114454e+01
  -9.5415916e+00   1.3102825e+01
  -9.5124124e+00   1.3091197e+01
  -9.4832332e+00   1.3079569e+01
  -9.4540541e+00   1.3067941e+01
  -9.4248749e+00   1.3056313e+01
  -9.3956957e+00   1.3044684e+01
  -9.3665165e+00   1.3033056e+01
  -9.3373373e+00   1.3021428e+01
  -9.3081582e+00   1.3009800e+01
  -9.2789790e+00   1.2998171e+01
  -9.2497998e+00   1.2986543e+01
  -9.2206206e+00   1.2974915e+01
  -9.1914414e+00   1.2963287e+01
  -9.1622623e+00   1.2951658e+01
  -9.1330831e+00   1.2940030e+01
  -9.1039039e+00   1.2928402e+01
  -9.0747247e+00   1.2924219e+01
  -9.0455455e+00   1.2921186e+01
  -9.0163664e+00   1.2918153e+01
  -8.9871872e+00   1.2915120e+01
  -8.9580080e+00   1.2912088e+01
  -8.9288288e+00   1.2909055e+01
  -8.8996496e+00   1.2906022e+01
  -8.8704705e+00   1.2902989e+01
  -8.8412913e+00   1.2899956e+01
  -8.8121121e+00   1.2896923e+01
  -8.7829329e+00   1.2893890e+01
  -8.7537538e+00   1.2890857e+01
  -8.7245746e+00   1.2887825e+01
  -8.6953954e+00   1.2884792e+01
  -8.6662162e+00   1.2881759e+01
  -8.6370370e+00   1.2878726e+01
  -8.6078579e+00   1.2875693e+01
  -8.5786787e+00   1.2872660e+01
  -8.5494995e+00   1.2869627e+01
  -8.5203203e+00   1.2866595e+01
  -8.4911411e+00   1.2863562e+01
  -8.4619620e+00   1.2860529e+01
  -8.4327828e+00   1.2857496e+01
  -8.4036036e+00   1.2854463e+01
  -8.3744244e+00   1.2851430e+01
  -8.3452452e+00   1.2848397e+01
  -8.3160661e+00   1.2845364e+01
  -8.2868869e+00   1.2842332e+01
  -8.2577077e+00   1.2839299e+01
  -8.2285285e+00   1.2836266e+01
  -8.1993493e+00   1.2833233e+01
  -8.1701702e+00   1.2830200e+01
  -8.1409910e+00   1.2827167e+01
  -8.1118118e+00   1.2824134e+01
  -8.0826326e+00   1.2821101e+01
  -8.0534535e+00   1.2818069e+01
  -8.0242743e+00   1.2815036e+01
  -7.9950951e+00   1.2812003e+01
  -7.9659159e+00   1.2808970e+01
  -7.9367367e+00   1.2805937e+01
  -7.9075576e+00   1.2802904e+01
  -7.8783784e+00   1.2799871e+01
  -7.8491992e+00   1.2796838e+01
  -7.8200200e+00   1.2793806e+01
  -7.7908408e+00   1.2790773e+01
  -7.7616617e+00   1.2787740e+01
  -7.7324825e+00   1.2784707e+01
  -7.7033033e+00   1.2781674e+01
  -7.6741241e+00   1.2778641e+01
  -7.6449449e+00   1.2775608e+01
  -7.6157658e+00   1.2772575e+01
  -7.5865866e+00   1.2769543e+01
  -7.5574074e+00   1.2766510e+01
  -7.5282282e+00   1.2763477e+01
  -7.4990490e+00   1.2760444e+01
  -7.4698699e+00   1.2757411e+01
  -7.4406907e+00   1.2754378e+01
  -7.4115115e+00   1.2751345e+01
  -7.3823323e+00   1.2748312e+01
  -7.3531532e+00   1.2745280e+01
  -7.3239740e+00   1.2742247e+01
  -7.2947948e+00   1.2739214e+01
  -7.2656156e+00   1.2736181e+01
  -7.2364364e+00   1.2733148e+01
  -7.2072573e+00   1.2730115e+01
  -7.1780781e+00   1.2727082e+01
  -7.1488989e+00   1.2724050e+01
  -7.1197197e+00   1.2721017e+01
  -7.0905405e+00   1.2717984e+01
  -7.0613614e+00   1.2714951e+01
  -7.0321822e+00   1.2711918e+01
  -7.0030030e+00   1.2708885e+01
  -6.9738238e+00   1.2705852e+01
  -6.9446446e+00   1.2702819e+01
  -6.9154655e+00   1.2699787e+01
  -6.8862863e+00   1.2696754e+01
  -6.8571071e+00   1.2693721e+01
  -6.8279279e+00   1.2690688e+01
  -6.7987487e+00   1.2687655e+01
  -6.7695696e+00   1.2684622e+01
  -6.7403904e+00   1.2681589e+01
  -6.7112112e+00   1.2678556e+01
  -6.6820320e+00   1.2675524e+01
  -6.6528529e+00   1.2672491e+01
  -6.6236737e+00   1.2669458e+01
  -6.5944945e+00   1.2666425e+01
  -6.5653153e+00   1.2663392e+01
  -6.5361361e+00   1.2660359e+01
  -6.5069570e+00   1.2657326e+01
  -6.4777778e+00   1.2654293e+01
  -6.4485986e+00   1.2651261e+01
  -6.4194194e+00   1.2648228e+01
  -6.3902402e+00   1.2645195e+01
  -6.3610611e+00   1.2642162e+01
  -6.3318819e+00   1.2639129e+01
  -6.3027027e+00   1.2636096e+01
  -6.2735235e+00   1.2633063e+01
  -6.2443443e+00   1.2630030e+01
  -6.2151652e+00   1.2626998e+01
  -6.1859860e+00   1.2623965e+01
  -6.1568068e+00   1.2620932e+01
  -6.1276276e+00   1.2617899e+01
  -6.0984484e+00   1.2614866e+01
  -6.0692693e+00   1.2611833e+01
  -6.0400901e+00   1.2608800e+01
  -6.0109109e+00   1.2605767e+01
  -5.9817317e+00   1.2602735e+01
  -5.9525526e+00   1.2599702e+01
  -5.9233734e+00   1.2596669e+01
  -5.8941942e+00   1.2593636e+01
  -5.8650150e+00   1.2590603e+01
  -5.8358358e+00   1.2587570e+01
  -5.8066567e+00   1.2584537e+01
  -5.7774775e+00   1.2581505e+01
  -5.7482983e+00   1.2578472e+01
  -5.7191191e+00   1.2575439e+01
  -5.6899399e+00   1.2572406e+01
  -5.6607608e+00   1.2569373e+01
  -5.6315816e+00   1.2566340e+01
  -5.6024024e+00   1.2563307e+01
  -5.5732232e+00   1.2560274e+01
  -5.5440440e+00   1.2557242e+01
  -5.5148649e+00   1.2554209e+01
  -5.4856857e+00   1.2551176e+01
  -5.4565065e+00   1.2548143e+01
  -5.4273273e+00   1.2545110e+01
  -5.3981481e+00   1.2542077e+01
  -5.3689690e+00   1.2539044e+01
  -5.3397898e+00   1.2536011e+01
  -5.3106106e+00   1.2532979e+01
  -5.2814314e+00   1.2529946e+01
  -5.2522523e+00   1.2526913e+01
  -5.2230731e+00   1.2523880e+01
  -5.1938939e+00   1.2520847e+01
  -5.1647147e+00   1.2517814e+01
  -5.1355355e+00   1.2514781e+01
  -5.1063564e+00   1.2511748e+01
  -5.0771772e+00   1.2508716e+01
  -5.0479980e+00   1.2505683e+01
  -5.0188188e+00   1.2502650e+01
  -4.9896396e+00   1.2499617e+01
  -4.9604605e+00   1.2496584e+01
  -4.9312813e+00   1.2493551e+01
  -4.9021021e+00   1.2490518e+01
  -4.8729229e+00   1.2487485e+01
  -4.8437437e+00   1.2484453e+01
  -4.8145646e+00   1.2481420e+01
  -4.7853854e+00   1.2478387e+01
  -4.7562062e+00   1.2475354e+01
  -4.7270270e+00   1.2472321e+01
  -4.6978478e+00   1.2469288e+01
  -4.6686687e+00   1.2466255e+01
  -4.6394895e+00   1.2463223e+01
  -4.6103103e+00   1.2460190e+01
  -4.5811311e+00   1.2457157e+01
  -4.5519520e+00   1.2454124e+01
  -4.5227728e+00   1.2451091e+01
  -4.4935936e+00   1.2448058e+01
  -4.4644144e+00   1.2445025e+01
  -4.4352352e+00   1.2441992e+01
  -4.4060561e+00   1.2438960e+01
  -4.3768769e+00   1.2435927e+01
  -4.3476977e+00   1.2432894e+01
  -4.3185185e+00   1.2429861e+01
  -4.2893393e+00   1.2426828e+01
  -4.2601602e+00   1.2423795e+01
  -4.2309810e+00   1.2420762e+01
  -4.2018018e+00   1.2417729e+01
  -4.1726226e+00   1.2414697e+01
  -4.1434434e+00   1.2411664e+01
  -4.1142643e+00   1.2408631e+01
  -4.0850851e+00   1.2405598e+01
  -4.0559059e+00   1.2402565e+01
  -4.0267267e+00   1.2399532e+01
  -3.9975475e+00   1.2396499e+01
  -3.9683684e+00   1.2393466e+01
  -3.9391892e+00   1.2390434e+01
  -3.9100100e+00   1.2387401e+01
  -3.8808308e+00   1.2384368e+01
  -3.8516517e+00   1.2381335e+01
  -3.8224725e+00   1.2378302e+01
  -3.7932933e+00   1.2375269e+01
  -3.7641141e+00   1.2372236e+01
  -3.7349349e+00   1.2369203e+01
  -3.7057558e+00   1.2366171e+01
  -3.6765766e+00   1.2363138e+01
  -3.6473974e+00   1.2360105e+01
  -3.6182182e+00   1.2357072e+01
  -3.5890390e+00   1.2354039e+01
  -3.5598599e+00   1.2351006e+01
  -3.5306807e+00   1.2347973e+01
  -3.5015015e+00   1.2344940e+01
  -3.4723223e+00   1.2341908e+01
  -3.4431431e+00   1.2338875e+01
  -3.4139640e+00   1.2335842e+01
  -3.3847848e+00   1.2332809e+01
  -3.3556056e+00   1.2329776e+01
  -3.3264264e+00   1.2326743e+01
  -3.2972472e+00   1.2323710e+01
  -3.2680681e+00   1.2320678e+01
  -3.2388889e+00   1.2317645e+01
  -3.2097097e+00   1.2314612e+01
  -3.1805305e+00   1.2311579e+01
  -3.1513514e+00   1.2308546e+01
  -3.1221722e+00   1.2305513e+01
  -3.0929930e+00   1.2302480e+01
  -3.0638138e+00   1.2299447e+01
  -3.0346346e+00   1.2296415e+01
  -3.0054555e+00   1.2293382e+01
  -2.9762763e+00   1.2290349e+01
  -2.9470971e+00   1.2287316e+01
  -2.9179179e+00   1.2284283e+01
  -2.8887387e+00   1.2281250e+01
  -2.8595596e+00   1.2278217e+01
  -2.8303804e+00   1.2275184e+01
  -2.8012012e+00   1.2272152e+01
  -2.7720220e+00   1.2269119e+01
  -2.7428428e+00   1.2266086e+01
  -2.7136637e+00   1.2263053e+01
  -2.6844845e+00   1.2260020e+01
  -2.6553053e+00   1.2256987e+01
  -2.6261261e+00   1.2253954e+01
  -2.5969469e+00   1.2250921e+01
  -2.5677678e+00   1.2247889e+01
  -2.5385886e+00   1.2244856e+01
  -2.5094094e+00   1.2241823e+01
  -2.4802302e+00   1.2238790e+01
  -2.4510511e+00   1.2235757e+01
  -2.4218719e+00   1.2232724e+01
  -2.3926927e+00   1.2229691e+01
  -2.3635135e+00   1.2226658e+01
  -2.3343343e+00   1.2223626e+01
  -2.3051552e+00   1.2220593e+01
  -2.2759760e+00   1.2217560e+01
  -2.2467968e+00   1.2214527e+01
  -2.2176176e+00   1.2211494e+01
  -2.1884384e+00   1.2208461e+01
  -2.1592593e+00   1.2205428e+01
  -2.1300801e+00   1.2202395e+01
  -2.1009009e+00   1.2199363e+01
  -2.0717217e+00   1.2196330e+01
  -2.0425425e+00   1.2193297e+01
  -2.0133634e+00   1.2190264e+01
  -1.9841842e+00   1.2187231e+01
  -1.9550050e+00   1.2184198e+01
  -1.9258258e+00   1.2181165e+01
  -1.8966466e+00   1.2178133e+01
  -1.8674675e+00   1.2175100e+01
  -1.8382883e+00   1.2172067e+01
  -1.8091091e+00   1.2169034e+01
  -1.7799299e+00   1.2166001e+01
  -1.7507508e+00   1.2162968e+01
  -1.7215716e+00   1.2159935e+01
  -1.6923924e+00   1.2156902e+01
  -1.6632132e+00   1.2153870e+01
  -1.6340340e+00   1.2150837e+01
  -1.6048549e+00   1.2147804e+01
  -1.5756757e+00   1.2144771e+01
  -1.5464965e+00   1.2141738e+01
  -1.5173173e+00   1.2138705e+01
  -1.4881381e+00   1.2135672e+01
  -1.4589590e+00   1.2132639e+01
  -1.4297798e+00   1.2129607e+01
  -1.4006006e+00   1.2126574e+01
  -1.3714214e+00   1.2123541e+01
  -1.3422422e+00   1.2120508e+01
  -1.3130631e+00   1.2117475e+01
  -1.2838839e+00   1.2114442e+01
  -1.2547047e+00   1.2111409e+01
  -1.2255255e+00   1.2108376e+01
  -1.1963463e+00   1.2105344e+01
  -1.1671672e+00   1.2102311e+01
  -1.1379880e+00   1.2099278e+01
  -1.1088088e+00   1.2096245e+01
  -1.0796296e+00   1.2093212e+01
  -1.0504505e+00   1.2090179e+01
  -1.0212713e+00   1.2087146e+01
  -9.9209209e-01   1.2084113e+01
  -9.6291291e-01   1.2081081e+01
  -9.3373373e-01   1.2078048e+01
  -9.0455455e-01   1.2075015e+01
  -8.7537538e-01   1.2071982e+01
  -8.4619620e-01   1.2068949e+01
  -8.1701702e-01   1.2065916e+01
  -7.8783784e-01   1.2062883e+01
  -7.5865866e-01   1.2059850e+01
  -7.2947948e-01   1.2056818e+01
  -7.0030030e-01   1.2053785e+01
  -6.7112112e-01   1.2050752e+01
  -6.4194194e-01   1.2047719e+01
  -6.1276276e-01   1.2044686e+01
  -5.8358358e-01   1.2041653e+01
  -5.5440440e-01   1.2038620e+01
  -5.2522523e-01   1.2035588e+01
  -4.9604605e-01   1.2032555e+01
  -4.6686687e-01   1.2029522e+01
  -4.3768769e-01   1.2026489e+01
  -4.0850851e-01   1.2023456e+01
  -3.7932933e-01   1.2020423e+01
  -3.5015015e-01   1.2017390e+01
  -3.2097097e-01   1.2014357e+01
  -2.9179179e-01   1.2011325e+01
  -2.6261261e-01   1.2008292e+01
  -2.3343343e-01   1.2005259e+01
  -2.0425425e-01   1.2002226e+01
  -1.7507508e-01   1.1999193e+01
  -1.4589590e-01   1.1996160e+01
  -1.1671672e-01   1.1993127e+01
  -8.7537538e-02   1.1990094e+01
  -5.8358358e-02   1.1987062e+01
  -2.9179179e-02   1.1984029e+01
  -0.0000000e+00   1.1980996e+01
   0.0000000e+00   1.1980996e+01
   2.9179179e-02   1.1984029e+01
   5.8358358e-02   1.1987062e+01
   8.7537538e-02   1.1990094e+01
   1.1671672e-01   1.1993127e+01
   1.4589590e-01   1.1996160e+01
   1.7507508e-01   1.1999193e+01
   2.0425425e-01   1.2002226e+01
   2.3343343e-01   1.2005259e+01
   2.6261261e-01   1.2008292e+01
   2.9179179e-01   1.2011325e+01
   3.2097097e-01   1.2014357e+01
   3.5015015e-01   1.2017390e+01
   3.7932933e-01   1.2020423e+01
   4.0850851e-01   1.2023456e+01
   4.3768769e-01   1.2026489e+01
   4.6686687e-01   1.2029522e+01
   4.9604605e-01   1.2032555e+01
   5.2522523e-01   1.2035588e+01
   5.5440440e-01   1.2038620e+01
   5.8358358e-01   1.2041653e+01
   6.1276276e-01   1.2044686e+01
   6.4194194e-01   1.2047719e+01
   6.7112112e-01   1.2050752e+01
   7.0030030e-01   1.2053785e+01
   7.2947948e-01   1.2056818e+01
   7.5865866e-01   1.2059850e+01
   7.8783784e-01   1.2062883e+01
   8.1701702e-01   1.2065916e+01
   8.4619620e-01   1.2068949e+01
   8.7537538e-01   1.2071982e+01
   9.0455455e-01   1.2075015e+01
   9.3373373e-01   1.2078048e+01
   9.6291291e-01   1.2081081e+01
   9.9209209e-01   1.2084113e+01
   1.0212713e+00   1.2087146e+01
   1.0504505e+00   1.2090179e+01
   1.0796296e+00   1.2093212e+01
   1.1088088e+00   1.2096245e+01
   1.1379880e+00   1.2099278e+01
   1.1671672e+00   1.2102311e+01
   1.1963463e+00   1.2105344e+01
   1.2255255e+00   1.2108376e+01
   1.2547047e+00   1.2111409e+01
   1.2838839e+00   1.2114442e+01
   1.3130631e+00   1.2117475e+01
   1.3422422e+00   1.2120508e+01
   1.3714214e+00   1.2123541e+01
   1.4006006e+00   1.2126574e+01
   1.4297798e+00   1.2129607e+01
   1.4589590e+00   1.2132639e+01
   1.4881381e+00   1.2135672e+01
   1.5173173e+00   1.2138705e+01
   1.5464965e+00   1.2141738e+01
   1.5756757e+00   1.2144771e+01
   1.6048549e+00   1.2147804e+01
   1.6340340e+00   1.2150837e+01
   1.6632132e+00   1.2153870e+01
   1.6923924e+00   1.2156902e+01
   1.7215716e+00   1.2159935e+01
   1.7507508e+00   1.2162968e+01
   1.7799299e+00   1.2166001e+01
   1.8091091e+00   1.2169034e+01
   1.8382883e+00   1.2172067e+01
   1.8674675e+00   1.2175100e+01
   1.8966466e+00   1.2178133e+01
   1.9258258e+00   1.2181165e+01
   1.9550050e+00   1.2184198e+01
   1.9841842e+00   1.2187231e+01
   2.0133634e+00   1.2190264e+01
   2.0425425e+00   1.2193297e+01
   2.0717217e+00   1.2196330e+01
   2.1009009e+00   1.2199363e+01
   2.1300801e+00   1.2202395e+01
   2.1592593e+00   1.2205428e+01
   2.1884384e+00   1.2208461e+01
   2.2176176e+00   1.2211494e+01
   2.2467968e+00   1.2214527e+01
   2.2759760e+00   1.2217560e+01
   2.3051552e+00   1.2220593e+01
   2.3343343e+00   1.2223626e+01
   2.3635135e+00   1.2226658e+01
   2.3926927e+00   1.2229691e+01
   2.4218719e+00   1.2232724e+01
   2.4510511e+00   1.2235757e+01
   2.4802302e+00   1.2238790e+01
   2.5094094e+00   1.2241823e+01
   2.5385886e+00   1.2244856e+01
   2.5677678e+00   1.2247889e+01
   2.5969469e+00   1.2250921e+01
   2.6261261e+00   1.2253954e+01
   2.6553053e+00   1.2256987e+01
   2.6844845e+00   1.2260020e+01
   2.7136637e+00   1.2263053e+01
   2.7428428e+00   1.2266086e+01
   2.7720220e+00   1.2269119e+01
   2.8012012e+00   1.2272152e+01
   2.8303804e+00   1.2275184e+01
   2.8595596e+00   1.2278217e+01
   2.8887387e+00   1.2281250e+01
   2.9179179e+00   1.2284283e+01
   2.9470971e+00   1.2287316e+01
   2.9762763e+00   1.2290349e+01
   3.0054555e+00   1.2293382e+01
   3.0346346e+00   1.2296415e+01
   3.0638138e+00   1.2299447e+01
   3.0929930e+00   1.2302480e+01
   3.1221722e+00   1.2305513e+01
   3.1513514e+00   1.2308546e+01
   3.1805305e+00   1.2311579e+01
   3.2097097e+00   1.2314612e+01
   3.2388889e+00   1.2317645e+01
   3.2680681e+00   1.2320678e+01
   3.2972472e+00   1.2323710e+01
   3.3264264e+00   1.2326743e+01
   3.3556056e+00   1.2329776e+01
   3.3847848e+00   1.2332809e+01
   3.4139640e+00   1.2335842e+01
   3.4431431e+00   1.2338875e+01
   3.4723223e+00   1.2341908e+01
   3.5015015e+00   1.2344940e+01
   3.5306807e+00   1.2347973e+01
   3.5598599e+00   1.2351006e+01
   3.5890390e+00   1.2354039e+01
   3.6182182e+00   1.2357072e+01
   3.6473974e+00   1.2360105e+01
   3.6765766e+00   1.2363138e+01
   3.7057558e+00   1.2366171e+01
   3.7349349e+00   1.2369203e+01
   3.7641141e+00   1.2372236e+01
   3.7932933e+00   1.2375269e+01
   3.8224725e+00   1.2378302e+01
   3.8516517e+00   1.2381335e+01
   3.8808308e+00   1.2384368e+01
   3.9100100e+00   1.2387401e+01
   3.9391892e+00   1.2390434e+01
   3.9683684e+00   1.2393466e+01
   3.9975475e+00   1.2396499e+01
   4.0267267e+00   1.2399532e+01
   4.0559059e+00   1.2402565e+01
   4.0850851e+00   1.2405598e+01
   4.1142643e+00   1.2408631e+01
   4.1434434e+00   1.2411664e+01
   4.1726226e+00   1.2414697e+01
   4.2018018e+00   1.2417729e+01
   4.2309810e+00   1.2420762e+01
   4.2601602e+00   1.2423795e+01
   4.2893393e+00   1.2426828e+01
   4.3185185e+00   1.2429861e+01
   4.3476977e+00   1.2432894e+01
   4.3768769e+00   1.2435927e+01
   4.4060561e+00   1.2438960e+01
   4.4352352e+00   1.2441992e+01
   4.4644144e+00   1.2445025e+01
   4.4935936e+00   1.2448058e+01
   4.5227728e+00   1.2451091e+01
   4.5519520e+00   1.2454124e+01
   4.5811311e+00   1.2457157e+01
   4.6103103e+00   1.2460190e+01
   4.6394895e+00   1.2463223e+01
   4.6686687e+00   1.2466255e+01
   4.6978478e+00   1.2469288e+01
   4.7270270e+00   1.2472321e+01
   4.7562062e+00   1.2475354e+01
   4.7853854e+00   1.2478387e+01
   4.8145646e+00   1.2481420e+01
   4.8437437e+00   1.2484453e+01
   4.8729229e+00   1.2487485e+01
   4.9021021e+00   1.2490518e+01
   4.9312813e+00   1.2493551e+01
   4.9604605e+00   1.2496584e+01
   4.9896396e+00   1.2499617e+01
   5.0188188e+00   1.2502650e+01
   5.0479980e+00   1.2505683e+01
   5.0771772e+00   1.2508716e+01
   5.1063564e+00   1.2511748e+01
   5.1355355e+00   1.2514781e+01
   5.1647147e+00   1.2517814e+01
   5.1938939e+00   1.2520847e+01
   5.2230731e+00   1.2523880e+01
   5.2522523e+00   1.2526913e+01
   5.2814314e+00   1.2529946e+01
   5.3106106e+00   1.2532979e+01
   5.3397898e+00   1.2536011e+01
   5.3689690e+00   1.2539044e+01
   5.3981481e+00   1.2542077e+01
   5.4273273e+00   1.2545110e+01
   5.4565065e+00   1.2548143e+01
   5.4856857e+00   1.2551176e+01
   5.5148649e+00   1.2554209e+01
   5.5440440e+00   1.2557242e+01
   5.5732232e+00   1.2560274e+01
   5.6024024e+00   1.2563307e+01
   5.6315816e+00   1.2566340e+01
   5.6607608e+00   1.2569373e+01
   5.6899399e+00   1.2572406e+01
   5.7191191e+00   1.2575439e+01
   5.7482983e+00   1.2578472e+01
   5.7774775e+00   1.2581505e+01
   5.8066567e+00   1.2584537e+01
   5.8358358e+00   1.2587570e+01
   5.8650150e+00   1.2590603e+01
   5.8941942e+00   1.2593636e+01
   5.9233734e+00   1.2596669e+01
   5.9525526e+00   1.2599702e+01
   5.9817317e+00   1.2602735e+01
   6.0109109e+00   1.2605767e+01
   6.0400901e+00   1.2608800e+01
   6.0692693e+00   1.2611833e+01
   6.0984484e+00   1.2614866e+01
   6.1276276e+00   1.2617899e+01
   6.1568068e+00   1.2620932e+01
   6.1859860e+00   1.2623965e+01
   6.2151652e+00   1.2626998e+01
   6.2443443e+00   1.2630030e+01
   6.2735235e+00   1.2633063e+01
   6.3027027e+00   1.2636096e+01
   6.3318819e+00   1.2639129e+01
   6.3610611e+00   1.2642162e+01
   6.3902402e+00   1.2645195e+01
   6.4194194e+00   1.2648228e+01
   6.4485986e+00   1.2651261e+01
   6.4777778e+00   1.2654293e+01
   6.5069570e+00   1.2657326e+01
   6.5361361e+00   1.2660359e+01
   6.5653153e+00   1.2663392e+01
   6.5944945e+00   1.2666425e+01
   6.6236737e+00   1.2669458e+01
   6.6528529e+00   1.2672491e+01
   6.6820320e+00   1.2675524e+01
   6.7112112e+00   1.2678556e+01
   6.7403904e+00   1.2681589e+01
   6.7695696e+00   1.2684622e+01
   6.7987487e+00   1.2687655e+01
   6.8279279e+00   1.2690688e+01
   6.8571071e+00   1.2693721e+01
   6.8862863e+00   1.2696754e+01
   6.9154655e+00   1.2699787e+01
   6.9446446e+00   1.2702819e+01
   6.9738238e+00   1.2705852e+01
   7.0030030e+00   1.2708885e+01
   7.0321822e+00   1.2711918e+01
   7.0613614e+00   1.2714951e+01
   7.0905405e+00   1.2717984e+01
   7.1197197e+00   1.2721017e+01
   7.1488989e+00   1.2724050e+01
   7.1780781e+00   1.2727082e+01
   7.2072573e+00   1.2730115e+01
   7.2364364e+00   1.2733148e+01
   7.2656156e+00   1.2736181e+01
   7.2947948e+00   1.2739214e+01
   7.3239740e+00   1.2742247e+01
   7.3531532e+00   1.2745280e+01
   7.3823323e+00   1.2748312e+01
   7.4115115e+00   1.2751345e+01
   7.4406907e+00   1.2754378e+01
   7.4698699e+00   1.2757411e+01
   7.4990490e+00   1.2760444e+01
   7.5282282e+00   1.2763477e+01
   7.5574074e+00   1.2766510e+01
   7.5865866e+00   1.2769543e+01
   7.6157658e+00   1.2772575e+01
   7.6449449e+00   1.2775608e+01
   7.6741241e+00   1.2778641e+01
   7.7033033e+00   1.2781674e+01
   7.7324825e+00   1.2784707e+01
   7.7616617e+00   1.2787740e+01
   7.7908408e+00   1.2790773e+01
   7.8200200e+00   1.2793806e+01
   7.8491992e+00   1.2796838e+01
   7.8783784e+00   1.2799871e+01
   7.9075576e+00   1.2802904e+01
   7.9367367e+00   1.2805937e+01
   7.9659159e+00   1.2808970e+01
   7.9950951e+00   1.2812003e+01
   8.0242743e+00   1.2815036e+01
   8.0534535e+00   1.2818069e+01
   8.0826326e+00   1.2821101e+01
   8.1118118e+00   1.2824134e+01
   8.1409910e+00   1.2827167e+01
   8.1701702e+00   1.2830200e+01
   8.1993493e+00   1.2833233e+01
   8.2285285e+00   1.2836266e+01
   8.2577077e+00   1.2839299e+01
   8.2868869e+00   1.2842332e+01
   8.3160661e+00   1.2845364e+01
   8.3452452e+00   1.2848397e+01
   8.3744244e+00   1.2851430e+01
   8.4036036e+00   1.2854463e+01
   8.4327828e+00   1.2857496e+01
   8.4619620e+00   1.2860529e+01
   8.4911411e+00   1.2863562e+01
   8.5203203e+00   1.2866595e+01
   8.5494995e+00   1.2869627e+01
   8.5786787e+00   1.2872660e+01
   8.6078579e+00   1.2875693e+01
   8.6370370e+00   1.2878726e+01
   8.6662162e+00   1.2881759e+01
   8.6953954e+00   1.2884792e+01
   8.7245746e+00   1.2887825e+01
   8.7537538e+00   1.2890857e+01
   8.7829329e+00   1.2893890e+01
   8.8121121e+00   1.2896923e+01
   8.8412913e+00   1.2899956e+01
   8.8704705e+00   1.2902989e+01
   8.8996496e+00   1.2906022e+01
   8.9288288e+00   1.2909055e+01
   8.9580080e+00   1.2912088e+01
   8.9871872e+00   1.2915120e+01
   9.0163664e+00   1.2918153e+01
   9.0455455e+00   1.2921186e+01
   9.0747247e+00   1.2924219e+01
   9.1039039e+00   1.2928402e+01
   9.1330831e+00   1.2940030e+01
   9.1622623e+00   1.2951658e+01
   9.1914414e+00   1.2963287e+01
   9.2206206e+00   1.2974915e+01
   9.2497998e+00   1.2986543e+01
   9.2789790e+00   1.2998171e+01
   9.3081582e+00   1.3009800e+01
   9.3373373e+00   1.3021428e+01
   9.3665165e+00   1.3033056e+01
   9.3956957e+00   1.3044684e+01
   9.4248749e+00   1.3056313e+01
   9.4540541e+00   1.3067941e+01
   9.4832332e+00   1.3079569e+01
   9.5124124e+00   1.3091197e+01
   9.5415916e+00   1.3102825e+01
   9.5707708e+00   1.3114454e+01
   9.5999499e+00   1.3126082e+01
   9.6291291e+00   1.3137710e+01
   9.6583083e+00   1.3149338e+01
   9.6874875e+00   1.3160967e+01
   9.7166667e+00   1.3172595e+01
   9.7458458e+00   1.3184223e+01
   9.7750250e+00   1.3195851e+01
   9.8042042e+00   1.3207480e+01
   9.8333834e+00   1.3219108e+01
   9.8625626e+00   1.3230736e+01
   9.8917417e+00   1.3242364e+01
   9.9209209e+00   1.3253993e+01
   9.9501001e+00   1.3265621e+01
   9.9792793e+00   1.3277249e+01
   1.0008458e+01   1.3288877e+01
   1.0037638e+01   1.3300505e+01
   1.0066817e+01   1.3312134e+01
   1.0095996e+01   1.3323762e+01
   1.0125175e+01   1.3335390e+01
   1.0154354e+01   1.3347018e+01
   1.0183534e+01   1.3358647e+01
   1.0212713e+01   1.3370275e+01
   1.0241892e+01   1.3381903e+01
   1.0271071e+01   1.3393531e+01
   1.0300250e+01   1.3405160e+01
   1.0329429e+01   1.3416788e+01
   1.0358609e+01   1.3428416e+01
   1.0387788e+01   1.3440044e+01
   1.0416967e+01   1.3451673e+01
   1.0446146e+01   1.3463301e+01
   1.0475325e+01   1.3474929e+01
   1.0504505e+01   1.3486557e+01
   1.0533684e+01   1.3498185e+01
   1.0562863e+01   1.3509814e+01
   1.0592042e+01   1.3521442e+01
   1.0621221e+01   1.3533070e+01
   1.0650400e+01   1.3544698e+01
   1.0679580e+01   1.3556327e+01
   1.0708759e+01   1.3567955e+01
   1.0737938e+01   1.3579583e+01
   1.0767117e+01   1.3591211e+01
   1.0796296e+01   1.3602840e+01
   1.0825475e+01   1.3614468e+01
   1.0854655e+01   1.3626096e+01
   1.0883834e+01   1.3637724e+01
   1.0913013e+01   1.3649353e+01
   1.0942192e+01   1.3660981e+01
   1.0971371e+01   1.3672609e+01
   1.1000551e+01   1.3684237e+01
   1.1029730e+01   1.3695866e+01
   1.1058909e+01   1.3707494e+01
   1.1088088e+01   1.3719122e+01
   1.1117267e+01   1.3730750e+01
   1.1146446e+01   1.3742378e+01
   1.1175626e+01   1.3754007e+01
   1.1204805e+01   1.3765635e+01
   1.1233984e+01   1.3777263e+01
   1.1263163e+01   1.3788891e+01
   1.1292342e+01   1.3800520e+01
   1.1321522e+01   1.3812148e+01
   1.1350701e+01   1.3823776e+01
   1.1379880e+01   1.3835404e+01
   1.1409059e+01   1.3847033e+01
   1.1438238e+01   1.3858661e+01
   1.1467417e+01   1.3870289e+01
   1.1496597e+01   1.3881917e+01
   1.1525776e+01   1.3893546e+01
   1.1554955e+01   1.3905174e+01
   1.1584134e+01   1.3916802e+01
   1.1613313e+01   1.3928430e+01
   1.1642492e+01   1.3940058e+01
   1.1671672e+01   1.3951687e+01
   1.1700851e+01   1.3963315e+01
   1.1730030e+01   1.3974943e+01
   1.1759209e+01   1.3986571e+01
   1.1788388e+01   1.3998200e+01
   1.1817568e+01   1.4009828e+01
   1.1846747e+01   1.4021456e+01
   1.1875926e+01   1.4033084e+01
   1.1905105e+01   1.4044713e+01
   1.1934284e+01   1.4056341e+01
   1.1963463e+01   1.4067969e+01
   1.1992643e+01   1.4079597e+01
   1.2021822e+01   1.4091226e+01
   1.2051001e+01   1.4102854e+01
   1.2080180e+01   1.4114482e+01
   1.2109359e+01   1.4126110e+01
   1.2138539e+01   1.4137738e+01
   1.2167718e+01   1.4149367e+01
   1.2196897e+01   1.4160995e+01
   1.2226076e+01   1.4172623e+01
   1.2255255e+01   1.4184251e+01
   1.2284434e+01   1.4195880e+01
   1.2313614e+01   1.4207508e+01
   1.2342793e+01   1.4219136e+01
   1.2371972e+01   1.4230764e+01
   1.2401151e+01   1.4242393e+01
   1.2430330e+01   1.4254021e+01
   1.2459510e+01   1.4265649e+01
   1.2488689e+01   1.4277277e+01
   1.2517868e+01   1.4288906e+01
   1.2547047e+01   1.4300534e+01
   1.2576226e+01   1.4312162e+01
   1.2605405e+01   1.4323790e+01
   1.2634585e+01   1.4335418e+01
   1.2663764e+01   1.4347047e+01
   1.2692943e+01   1.4358675e+01
   1.2722122e+01   1.4370303e+01
   1.2751301e+01   1.4381931e+01
   1.2780480e+01   1.4393560e+01
   1.2809660e+01   1.4405188e+01
   1.2838839e+01   1.4416816e+01
   1.2868018e+01   1.4428444e+01
   1.2897197e+01   1.4440073e+01
   1.2926376e+01   1.4451701e+01
   1.2955556e+01   1.4463329e+01
   1.2984735e+01   1.4474957e+01
   1.3013914e+01   1.4486586e+01
   1.3043093e+01   1.4498214e+01
   1.3072272e+01   1.4509842e+01
   1.3101451e+01   1.4521470e+01
   1.3130631e+01   1.4533098e+01
   1.3159810e+01   1.4544727e+01
   1.3188989e+01   1.4556355e+01
   1.3218168e+01   1.4567983e+01
   1.3247347e+01   1.4579611e+01
   1.3276527e+01   1.4591240e+01
   1.3305706e+01   1.4602868e+01
   1.3334885e+01   1.4614496e+01
   1.3364064e+01   1.4626124e+01
   1.3393243e+01   1.4637753e+01
   1.3422422e+01   1.4649381e+01
   1.3451602e+01   1.4661009e+01
   1.3480781e+01   1.4672637e+01
   1.3509960e+01   1.4684266e+01
   1.3539139e+01   1.4695894e+01
   1.3568318e+01   1.4707522e+01
   1.3597497e+01   1.4719150e+01
   1.3626677e+01   1.4730778e+01
   1.3655856e+01   1.4742407e+01
   1.3685035e+01   1.4754035e+01
   1.3714214e+01   1.4765663e+01
   1.3743393e+01   1.4777291e+01
   1.3772573e+01   1.4788920e+01
   1.3801752e+01   1.4800548e+01
   1.3830931e+01   1.4812176e+01
   1.3860110e+01   1.4823804e+01
   1.3889289e+01   1.4835433e+01
   1.3918468e+01   1.4847061e+01
   1.3947648e+01   1.4858689e+01
   1.3976827e+01   1.4870317e+01
   1.4006006e+01   1.4881946e+01
   1.4035185e+01   1.4893574e+01
   1.4064364e+01   1.4905202e+01
   1.4093544e+01   1.4916830e+01
   1.4122723e+01   1.4928459e+01
   1.4151902e+01   1.4940087e+01
   1.4181081e+01   1.4951715e+01
   1.4210260e+01   1.4963343e+01
   1.4239439e+01   1.4974971e+01
   1.4268619e+01   1.4986600e+01
   1.4297798e+01   1.4998228e+01
   1.4326977e+01   1.5009856e+01
   1.4356156e+01   1.5021484e+01
   1.4385335e+01   1.5033113e+01
   1.4414515e+01   1.5044741e+01
   1.4443694e+01   1.5056369e+01
   1.4472873e+01   1.5067997e+01
   1.4502052e+01   1.5079626e+01
   1.4531231e+01   1.5091254e+01
   1.4560410e+01   1.5102882e+01
   1.4589590e+01   1.5114510e+01
   1.4618769e+01   1.5126139e+01
   1.4647948e+01   1.5137767e+01
   1.4677127e+01   1.5149395e+01
   1.4706306e+01   1.5161023e+01
   1.4735485e+01   1.5172651e+01
   1.4764665e+01   1.5184280e+01
   1.4793844e+01   1.5195908e+01
   1.4823023e+01   1.5207536e+01
   1.4852202e+01   1.5219164e+01
   1.4881381e+01   1.5230793e+01
   1.4910561e+01   1.5242421e+01
   1.4939740e+01   1.5254049e+01
   1.4968919e+01   1.5265677e+01
   1.4998098e+01   1.5277306e+01
   1.5027277e+01   1.5288934e+01
   1.5056456e+01   1.5300562e+01
   1.5085636e+01   1.5312190e+01
   1.5114815e+01   1.5323819e+01
   1.5143994e+01   1.5335447e+01
   1.5173173e+01   1.5347075e+01
   1.5202352e+01   1.5358703e+01
   1.5231532e+01   1.5370331e+01
   1.5260711e+01   1.5381960e+01
   1.5289890e+01   1.5393588e+01
   1.5319069e+01   1.5405216e+01
   1.5348248e+01   1.5416844e+01
   1.5377427e+01   1.5428473e+01
   1.5406607e+01   1.5440101e+01
   1.5435786e+01   1.5451729e+01
   1.5464965e+01   1.5463357e+01
   1.5494144e+01   1.5474986e+01
   1.5523323e+01   1.5486614e+01
   1.5552503e+01   1.5498242e+01
   1.5581682e+01   1.5509870e+01
   1.5610861e+01   1.5521499e+01
   1.5640040e+01   1.5533127e+01
   1.5669219e+01   1.5544755e+01
   1.5698398e+01   1.5556383e+01
   1.5727578e+01   1.5568011e+01
   1.5756757e+01   1.5579640e+01
   1.5785936e+01   1.5591268e+01
   1.5815115e+01   1.5602896e+01
   1.5844294e+01   1.5614524e+01
   1.5873473e+01   1.5626153e+01
   1.5902653e+01   1.5637781e+01
   1.5931832e+01   1.5649409e+01
   1.5961011e+01   1.5661037e+01
   1.5990190e+01   1.5672666e+01
   1.6019369e+01   1.5684294e+01
   1.6048549e+01   1.5695922e+01
   1.6077728e+01   1.5707550e+01
   1.6106907e+01   1.5719179e+01
   1.6136086e+01   1.5730807e+01
   1.6165265e+01   1.5742435e+01
   1.6194444e+01   1.5754063e+01
   1.6223624e+01   1.5765691e+01
   1.6252803e+01   1.5777320e+01
   1.6281982e+01   1.5788948e+01
   1.6311161e+01   1.5800576e+01
   1.6340340e+01   1.5812204e+01
   1.6369520e+01   1.5823833e+01
   1.6398699e+01   1.5835461e+01
   1.6427878e+01   1.5847089e+01
   1.6457057e+01   1.5858717e+01
   1.6486236e+01   1.5870346e+01
   1.6515415e+01   1.5881974e+01
   1.6544595e+01   1.5893602e+01
   1.6573774e+01   1.5905230e+01
   1.6602953e+01   1.5916859e+01
   1.6632132e+01   1.5928487e+01
   1.6661311e+01   1.5940115e+01
   1.6690490e+01   1.5951743e+01
   1.6719670e+01   1.5963372e+01
   1.6748849e+01   1.5975000e+01
   1.6778028e+01   1.5986628e+01
   1.6807207e+01   1.5998256e+01
   1.6836386e+01   1.6009884e+01
   1.6865566e+01   1.6021513e+01
   1.6894745e+01   1.6033141e+01
   1.6923924e+01   1.6044769e+01
   1.6953103e+01   1.6056397e+01
   1.6982282e+01   1.6068026e+01
   1.7011461e+01   1.6079654e+01
   1.7040641e+01   1.6091282e+01
   1.7069820e+01   1.6102910e+01
   1.7098999e+01   1.6114539e+01
   1.7128178e+01   1.6126167e+01
   1.7157357e+01   1.6137795e+01
   1.7186537e+01   1.6149423e+01
   1.7215716e+01   1.6161052e+01
   1.7244895e+01   1.6172680e+01
   1.7274074e+01   1.6184308e+01
   1.7303253e+01   1.6195936e+01
   1.7332432e+01   1.6207564e+01
   1.7361612e+01   1.6219193e+01
   1.7390791e+01   1.6230821e+01
   1.7419970e+01   1.6242449e+01
   1.7449149e+01   1.6254077e+01
   1.7478328e+01   1.6265706e+01
   1.7507508e+01   1.6277334e+01
   1.7536687e+01   1.6288962e+01
   1.7565866e+01   1.6300590e+01
   1.7595045e+01   1.6312219e+01
   1.7624224e+01   1.6323847e+01
   1.7653403e+01   1.6335475e+01
   1.7682583e+01   1.6347103e+01
   1.7711762e+01   1.6358732e+01
   1.7740941e+01   1.6370360e+01
   1.7770120e+01   1.6381988e+01
   1.7799299e+01   1.6393616e+01
   1.7828478e+01   1.6405244e+01
   1.7857658e+01   1.6416873e+01
   1.7886837e+01   1.6428501e+01
   1.7916016e+01   1.6440129e+01
   1.7945195e+01   1.6451757e+01
   1.7974374e+01   1.6463386e+01
   1.8003554e+01   1.6475014e+01
   1.8032733e+01   1.6486642e+01
   1.8061912e+01   1.6498270e+01
   1.8091091e+01   1.6509899e+01
   1.8120270e+01   1.6521527e+01
   1.8149449e+01   1.6533155e+01
   1.8178629e+01   1.6544783e+01
   1.8207808e+01   1.6556412e+01
   1.8236987e+01   1.6568040e+01
   1.8266166e+01   1.6579668e+01
   1.8295345e+01   1.6591296e+01
   1.8324525e+01   1.6602924e+01
   1.8353704e+01   1.6614553e+01
   1.8382883e+01   1.6626181e+01
   1.8412062e+01   1.6637809e+01
   1.8441241e+01   1.6649437e+01
   1.8470420e+01   1.6661066e+01
   1.8499600e+01   1.6672694e+01
   1.8528779e+01   1.6684322e+01
   1.8557958e+01   1.6695950e+01
   1.8587137e+01   1.6707579e+01
   1.8616316e+01   1.6719207e+01
   1.8645495e+01   1.6730835e+01
   1.8674675e+01   1.6742463e+01
   1.8703854e+01   1.6754092e+01
   1.8733033e+01   1.6765720e+01
   1.8762212e+01   1.6777348e+01
   1.8791391e+01   1.6788976e+01
   1.8820571e+01   1.6800604e+01
   1.8849750e+01   1.6812233e+01
   1.8878929e+01   1.6823861e+01
   1.8908108e+01   1.6835489e+01
   1.8937287e+01   1.6847117e+01
   1.8966466e+01   1.6858746e+01
   1.8995646e+01   1.6870374e+01
   1.9024825e+01   1.6882002e+01
   1.9054004e+01   1.6893630e+01
   1.9083183e+01   1.6905259e+01
   1.9112362e+01   1.6916887e+01
   1.9141542e+01   1.6928515e+01
   1.9170721e+01   1.6940143e+01
   1.9199900e+01   1.6951772e+01
   1.9229079e+01   1.6963400e+01
   1.9258258e+01   1.6975028e+01
   1.9287437e+01   1.6986656e+01
   1.9316617e+01   1.6998285e+01
   1.9345796e+01   1.7009913e+01
   1.9374975e+01   1.7021541e+01
   1.9404154e+01   1.7033169e+01
   1.9433333e+01   1.7044797e+01
   1.9462513e+01   1.7056426e+01
   1.9491692e+01   1.7068054e+01
   1.9520871e+01   1.7079682e+01
   1.9550050e+01   1.7091310e+01
   1.9579229e+01   1.7102939e+01
   1.9608408e+01   1.7114567e+01
   1.9637588e+01   1.7126195e+01
   1.9666767e+01   1.7137823e+01
   1.9695946e+01   1.7149452e+01
   1.9725125e+01   1.7161080e+01
   1.9754304e+01   1.7172708e+01
   1.9783483e+01   1.7184336e+01
   1.9812663e+01   1.7195965e+01
   1.9841842e+01   1.7207593e+01
   1.9871021e+01   1.7219221e+01
   1.9900200e+01   1.7230849e+01
   1.9929379e+01   1.7242477e+01
   1.9958559e+01   1.7254106e+01
   1.9987738e+01   1.7265734e+01
   2.0016917e+01   1.7277362e+01
   2.0046096e+01   1.7288990e+01
   2.0075275e+01   1.7300619e+01
   2.0104454e+01   1.7312247e+01
   2.0133634e+01   1.7323875e+01
   2.0162813e+01   1.7335503e+01
   2.0191992e+01   1.7347132e+01
   2.0221171e+01   1.7358760e+01
   2.0250350e+01   1.7370388e+01
   2.0279530e+01   1.7382016e+01
   2.0308709e+01   1.7393645e+01
   2.0337888e+01   1.7405273e+01
   2.0367067e+01   1.7416901e+01
   2.0396246e+01   1.7428529e+01
   2.0425425e+01   1.7440157e+01
   2.0454605e+01   1.7451786e+01
   2.0483784e+01   1.7463414e+01
   2.0512963e+01   1.7475042e+01
   2.0542142e+01   1.7486670e+01
   2.0571321e+01   1.7498299e+01
   2.0600501e+01   1.7509927e+01
   2.0629680e+01   1.7521555e+01
   2.0658859e+01   1.7533183e+01
   2.0688038e+01   1.7544812e+01
   2.0717217e+01   1.7556440e+01
   2.0746396e+01   1.7568068e+01
   2.0775576e+01   1.7579696e+01
   2.0804755e+01   1.7591325e+01
   2.0833934e+01   1.7602953e+01
   2.0863113e+01   1.7614581e+01
   2.0892292e+01   1.7626209e+01
   2.0921471e+01   1.7637837e+01
   2.0950651e+01   1.7649466e+01
   2.0979830e+01   1.7661094e+01
   2.1009009e+01   1.7672722e+01
   2.1038188e+01   1.7684350e+01
   2.1067367e+01   1.7695979e+01
   2.1096547e+01   1.7707607e+01
   2.1125726e+01   1.7719235e+01
   2.1154905e+01   1.7730863e+01
   2.1184084e+01   1.7742492e+01
   2.1213263e+01   1.7754120e+01
   2.1242442e+01   1.7765748e+01
   2.1271622e+01   1.7777376e+01
   2.1300801e+01   1.7789005e+01
   2.1329980e+01   1.7800633e+01
   2.1359159e+01   1.7812261e+01
   2.1388338e+01   1.7823889e+01
   2.1417518e+01   1.7835517e+01
   2.1446697e+01   1.7847146e+01
   2.1475876e+01   1.7858774e+01
   2.1505055e+01   1.7870402e+01
   2.1534234e+01   1.7882030e+01
   2.1563413e+01   1.7893659e+01
   2.1592593e+01   1.7905287e+01
   2.1621772e+01   1.7916915e+01
   2.1650951e+01   1.7928543e+01
   2.1680130e+01   1.7940172e+01
   2.1709309e+01   1.7951800e+01
   2.1738488e+01   1.7963428e+01
   2.1767668e+01   1.7975056e+01
   2.1796847e+01   1.7986685e+01
   2.1826026e+01   1.7998313e+01
   2.1855205e+01   1.8009941e+01
   2.1884384e+01   1.8021569e+01
   2.1913564e+01   1.8033197e+01
   2.1942743e+01   1.8044826e+01
   2.1971922e+01   1.8056454e+01
   2.2001101e+01   1.8068082e+01
   2.2030280e+01   1.8079710e+01
   2.2059459e+01   1.8091339e+01
   2.2088639e+01   1.8102967e+01
   2.2117818e+01   1.8114595e+01
   2.2146997e+01   1.8126223e+01
   2.2176176e+01   1.8137852e+01
   2.2205355e+01   1.8149480e+01
   2.2234535e+01   1.8161108e+01
   2.2263714e+01   1.8172736e+01
   2.2292893e+01   1.8184365e+01
   2.2322072e+01   1.8195993e+01
   2.2351251e+01   1.8207621e+01
   2.2380430e+01   1.8219249e+01
   2.2409610e+01   1.8230878e+01
   2.2438789e+01   1.8242506e+01
   2.2467968e+01   1.8254134e+01
   2.2497147e+01   1.8265762e+01
   2.2526326e+01   1.8277390e+01
   2.2555506e+01   1.8289019e+01
   2.2584685e+01   1.8300647e+01
   2.2613864e+01   1.8312275e+01
   2.2643043e+01   1.8323903e+01
   2.2672222e+01   1.8335532e+01
   2.2701401e+01   1.8347160e+01
   2.2730581e+01   1.8358788e+01
   2.2759760e+01   1.8370416e+01
   2.2788939e+01   1.8382045e+01
   2.2818118e+01   1.8393673e+01
   2.2847297e+01   1.8405301e+01
   2.2876476e+01   1.8416929e+01
   2.2905656e+01   1.8428558e+01
   2.2934835e+01   1.8440186e+01
   2.2964014e+01   1.8451814e+01
   2.2993193e+01   1.8463442e+01
   2.3022372e+01   1.8475070e+01
   2.3051552e+01   1.8486699e+01
   2.3080731e+01   1.8498327e+01
   2.3109910e+01   1.8509955e+01
   2.3139089e+01   1.8521583e+01
   2.3168268e+01   1.8533212e+01
   2.3197447e+01   1.8544840e+01
   2.3226627e+01   1.8556468e+01
   2.3255806e+01   1.8568096e+01
   2.3284985e+01   1.8579725e+01
   2.3314164e+01   1.8591353e+01
   2.3343343e+01   1.8602981e+01
   2.3372523e+01   1.8614609e+01
   2.3401702e+01   1.8626238e+01
   2.3430881e+01   1.8637866e+01
   2.3460060e+01   1.8649494e+01
   2.3489239e+01   1.8661122e+01
   2.3518418e+01   1.8672750e+01
   2.3547598e+01   1.8684379e+01
   2.3576777e+01   1.8696007e+01
   2.3605956e+01   1.8707635e+01
   2.3635135e+01   1.8719263e+01
   2.3664314e+01   1.8730892e+01
   2.3693493e+01   1.8742520e+01
   2.3722673e+01   1.8754148e+01
   2.3751852e+01   1.8765776e+01
   2.3781031e+01   1.8777405e+01
   2.3810210e+01   1.8789033e+01
   2.3839389e+01   1.8800661e+01
   2.3868569e+01   1.8812289e+01
   2.3897748e+01   1.8823918e+01
   2.3926927e+01   1.8835546e+01
   2.3956106e+01   1.8847174e+01
   2.3985285e+01   1.8858802e+01
   2.4014464e+01   1.8870430e+01
   2.4043644e+01   1.8882059e+01
   2.4072823e+01   1.8893687e+01
   2.4102002e+01   1.8905315e+01
   2.4131181e+01   1.8916943e+01
   2.4160360e+01   1.8928572e+01
   2.4189540e+01   1.8940200e+01
   2.4218719e+01   1.8951828e+01
   2.4247898e+01   1.8963456e+01
   2.4277077e+01   1.8975085e+01
   2.4306256e+01   1.8986713e+01
   2.4335435e+01   1.8998341e+01
   2.4364615e+01   1.9009969e+01
   2.4393794e+01   1.9021598e+01
   2.4422973e+01   1.9033226e+01
   2.4452152e+01   1.9044854e+01
   2.4481331e+01   1.9056482e+01
   2.4510511e+01   1.9068110e+01
   2.4539690e+01   1.9079739e+01
   2.4568869e+01   1.9091367e+01
   2.4598048e+01   1.9102995e+01
   2.4627227e+01   1.9114623e+01
   2.4656406e+01   1.9126252e+01
   2.4685586e+01   1.9137880e+01
   2.4714765e+01   1.9149508e+01
   2.4743944e+01   1.9161136e+01
   2.4773123e+01   1.9172765e+01
   2.4802302e+01   1.9184393e+01
   2.4831481e+01   1.9196021e+01
   2.4860661e+01   1.9207649e+01
   2.4889840e+01   1.9219278e+01
   2.4919019e+01   1.9230906e+01
   2.4948198e+01   1.9242534e+01
   2.4977377e+01   1.9254162e+01
   2.5006557e+01   1.9265791e+01
   2.5035736e+01   1.9277419e+01
   2.5064915e+01   1.9289047e+01
   2.5094094e+01   1.9300675e+01
   2.5123273e+01   1.9312303e+01
   2.5152452e+01   1.9323932e+01
   2.5181632e+01   1.9335560e+01
   2.5210811e+01   1.9347188e+01
   2.5239990e+01   1.9358816e+01
   2.5269169e+01   1.9370445e+01
   2.5298348e+01   1.9382073e+01
   2.5327528e+01   1.9393701e+01
   2.5356707e+01   1.9405329e+01
   2.5385886e+01   1.9416958e+01
   2.5415065e+01   1.9428586e+01
   2.5444244e+01   1.9440214e+01
   2.5473423e+01   1.9451842e+01
   2.5502603e+01   1.9463471e+01
   2.5531782e+01   1.9475099e+01
   2.5560961e+01   1.9486727e+01
   2.5590140e+01   1.9498355e+01
   2.5619319e+01   1.9509983e+01
   2.5648498e+01   1.9521612e+01
   2.5677678e+01   1.9533240e+01
   2.5706857e+01   1.9544868e+01
   2.5736036e+01   1.9556496e+01
   2.5765215e+01   1.9568125e+01
   2.5794394e+01   1.9579753e+01
   2.5823574e+01   1.9591381e+01
   2.5852753e+01   1.9603009e+01
   2.5881932e+01   1.9614638e+01
   2.5911111e+01   1.9626266e+01
   2.5940290e+01   1.9637894e+01
   2.5969469e+01   1.9649522e+01
   2.5998649e+01   1.9661151e+01
   2.6027828e+01   1.9672779e+01
   2.6057007e+01   1.9684407e+01
   2.6086186e+01   1.9696035e+01
   2.6115365e+01   1.9707663e+01
   2.6144545e+01   1.9719292e+01
   2.6173724e+01   1.9730920e+01
   2.6202903e+01   1.9742548e+01
   2.6232082e+01   1.9754176e+01
   2.6261261e+01   1.9765805e+01
   2.6290440e+01   1.9777433e+01
   2.6319620e+01   1.9789061e+01
   2.6348799e+01   1.9800689e+01
   2.6377978e+01   1.9812318e+01
   2.6407157e+01   1.9823946e+01
   2.6436336e+01   1.9835574e+01
   2.6465516e+01   1.9847202e+01
   2.6494695e+01   1.9858831e+01
   2.6523874e+01   1.9870459e+01
   2.6553053e+01   1.9882087e+01
   2.6582232e+01   1.9893715e+01
   2.6611411e+01   1.9905343e+01
   2.6640591e+01   1.9916972e+01
   2.6669770e+01   1.9928600e+01
   2.6698949e+01   1.9940228e+01
   2.6728128e+01   1.9951856e+01
   2.6757307e+01   1.9963485e+01
   2.6786486e+01   1.9975113e+01
   2.6815666e+01   1.9986741e+01
   2.6844845e+01   1.9998369e+01
   2.6874024e+01   2.0009998e+01
   2.6903203e+01   2.0021626e+01
   2.6932382e+01   2.0033254e+01
   2.6961562e+01   2.0044882e+01
   2.6990741e+01   2.0056511e+01
   2.7019920e+01   2.0068139e+01
   2.7049099e+01   2.0079767e+01
   2.7078278e+01   2.0091395e+01
   2.7107457e+01   2.0103023e+01
   2.7136637e+01   2.0114652e+01
   2.7165816e+01   2.0126280e+01
   2.7194995e+01   2.0137908e+01
   2.7224174e+01   2.0149536e+01
   2.7253353e+01   2.0161165e+01
   2.7282533e+01   2.0172793e+01
   2.7311712e+01   2.0184421e+01
   2.7340891e+01   2.0196049e+01
   2.7370070e+01   2.0207678e+01
   2.7399249e+01   2.0219306e+01
   2.7428428e+01   2.0230934e+01
   2.7457608e+01   2.0242562e+01
   2.7486787e+01   2.0254191e+01
   2.7515966e+01   2.0265819e+01
   2.7545145e+01   2.0277447e+01
   2.7574324e+01   2.0289075e+01
   2.7603504e+01   2.0300703e+01
   2.7632683e+01   2.0312332e+01
   2.7661862e+01   2.0323960e+01
   2.7691041e+01   2.0335588e+01
   2.7720220e+01   2.0347216e+01
   2.7749399e+01   2.0358845e+01
   2.7778579e+01   2.0370473e+01
   2.7807758e+01   2.0382101e+01
   2.7836937e+01   2.0393729e+01
   2.7866116e+01   2.0405358e+01
   2.7895295e+01   2.0416986e+01
   2.7924474e+01   2.0428614e+01
   2.7953654e+01   2.0440242e+01
   2.7982833e+01   2.0451871e+01
   2.8012012e+01   2.0463499e+01
   2.8041191e+01   2.0475127e+01
   2.8070370e+01   2.0486755e+01
   2.8099550e+01   2.0498384e+01
   2.8128729e+01   2.0510012e+01
   2.8157908e+01   2.0521640e+01
   2.8187087e+01   2.0533268e+01
   2.8216266e+01   2.0544896e+01
   2.8245445e+01   2.0556525e+01
   2.8274625e+01   2.0568153e+01
   2.8303804e+01   2.0579781e+01
   2.8332983e+01   2.0591409e+01
   2.8362162e+01   2.0603038e+01
   2.8391341e+01   2.0614666e+01
   2.8420521e+01   2.0626294e+01
   2.8449700e+01   2.0637922e+01
   2.8478879e+01   2.0649551e+01
   2.8508058e+01   2.0661179e+01
   2.8537237e+01   2.0672807e+01
   2.8566416e+01   2.0684435e+01
   2.8595596e+01   2.0696064e+01
   2.8624775e+01   2.0707692e+01
   2.8653954e+01   2.0719320e+01
   2.8683133e+01   2.0730948e+01
   2.8712312e+01   2.0742576e+01
   2.8741491e+01   2.0754205e+01
   2.8770671e+01   2.0765833e+01
   2.8799850e+01   2.0777461e+01
   2.8829029e+01   2.0789089e+01
   2.8858208e+01   2.0800718e+01
   2.8887387e+01   2.0812346e+01
   2.8916567e+01   2.0823974e+01
   2.8945746e+01   2.0835602e+01
   2.8974925e+01   2.0847231e+01
   2.9004104e+01   2.0858859e+01
   2.9033283e+01   2.0870487e+01
   2.9062462e+01   2.0882115e+01
   2.9091642e+01   2.0893744e+01
   2.9120821e+01   2.0905372e+01
   2.9150000e+01   2.0917000e+01
