-12	0.2492
-11.9657	0.2492
-11.9313	0.2492
-11.897	0.2492
-11.8627	0.2492
-11.8283	0.2491
-11.794	0.2491
-11.7597	0.2491
-11.7253	0.2491
-11.691	0.2491
-11.6567	0.2491
-11.6223	0.2491
-11.588	0.2491
-11.5536	0.2491
-11.5193	0.2491
-11.485	0.2491
-11.4506	0.2491
-11.4163	0.2491
-11.382	0.2491
-11.3476	0.2491
-11.3133	0.2491
-11.279	0.2491
-11.2446	0.2491
-11.2103	0.2491
-11.176	0.2491
-11.1416	0.2491
-11.1073	0.2491
-11.073	0.2491
-11.0386	0.2491
-11.0043	0.2491
-10.97	0.2491
-10.9356	0.2491
-10.9013	0.2491
-10.867	0.2491
-10.8326	0.2491
-10.7983	0.2491
-10.7639	0.2491
-10.7296	0.2491
-10.6953	0.2491
-10.6609	0.249
-10.6266	0.249
-10.5923	0.249
-10.5579	0.249
-10.5236	0.249
-10.4893	0.249
-10.4549	0.249
-10.4206	0.249
-10.3863	0.249
-10.3519	0.249
-10.3176	0.249
-10.2833	0.249
-10.2489	0.249
-10.2146	0.249
-10.1803	0.249
-10.1459	0.249
-10.1116	0.249
-10.0773	0.249
-10.0429	0.249
-10.0086	0.249
-9.9742	0.249
-9.9399	0.249
-9.9056	0.249
-9.8712	0.249
-9.8369	0.249
-9.8026	0.249
-9.7682	0.249
-9.7339	0.249
-9.6996	0.2489
-9.6652	0.2489
-9.6309	0.2489
-9.5966	0.2489
-9.5622	0.2489
-9.5279	0.2489
-9.4936	0.2489
-9.4592	0.2489
-9.4249	0.2489
-9.3906	0.2489
-9.3562	0.2489
-9.3219	0.2489
-9.2876	0.2489
-9.2532	0.2489
-9.2189	0.2489
-9.1845	0.2489
-9.1502	0.2489
-9.1159	0.2489
-9.0815	0.2489
-9.0472	0.2489
-9.0129	0.2489
-8.9785	0.2489
-8.9442	0.2488
-8.9099	0.2488
-8.8755	0.2488
-8.8412	0.2488
-8.8069	0.2488
-8.7725	0.2488
-8.7382	0.2488
-8.7039	0.2488
-8.6695	0.2488
-8.6352	0.2488
-8.6009	0.2488
-8.5665	0.2488
-8.5322	0.2488
-8.4979	0.2488
-8.4635	0.2488
-8.4292	0.2488
-8.3948	0.2488
-8.3605	0.2488
-8.3262	0.2488
-8.2918	0.2487
-8.2575	0.2487
-8.2232	0.2487
-8.1888	0.2487
-8.1545	0.2487
-8.1202	0.2487
-8.0858	0.2487
-8.0515	0.2487
-8.0172	0.2487
-7.9828	0.2487
-7.9485	0.2487
-7.9142	0.2487
-7.8798	0.2487
-7.8455	0.2487
-7.8112	0.2487
-7.7768	0.2487
-7.7425	0.2486
-7.7082	0.2486
-7.6738	0.2486
-7.6395	0.2486
-7.6052	0.2486
-7.5708	0.2486
-7.5365	0.2486
-7.5021	0.2486
-7.4678	0.2486
-7.4335	0.2486
-7.3991	0.2486
-7.3648	0.2486
-7.3305	0.2486
-7.2961	0.2486
-7.2618	0.2485
-7.2275	0.2485
-7.1931	0.2485
-7.1588	0.2485
-7.1245	0.2485
-7.0901	0.2485
-7.0558	0.2485
-7.0215	0.2485
-6.9871	0.2485
-6.9528	0.2485
-6.9185	0.2485
-6.8841	0.2485
-6.8498	0.2485
-6.8155	0.2484
-6.7811	0.2484
-6.7468	0.2484
-6.7124	0.2484
-6.6781	0.2484
-6.6438	0.2484
-6.6094	0.2484
-6.5751	0.2484
-6.5408	0.2484
-6.5064	0.2484
-6.4721	0.2483
-6.4378	0.2483
-6.4034	0.2483
-6.3691	0.2483
-6.3348	0.2483
-6.3004	0.2483
-6.2661	0.2483
-6.2318	0.2483
-6.1974	0.2483
-6.1631	0.2483
-6.1288	0.2482
-6.0944	0.2482
-6.0601	0.2482
-6.0258	0.2482
-5.9914	0.2482
-5.9571	0.2482
-5.9227	0.2482
-5.8884	0.2482
-5.8541	0.2481
-5.8197	0.2481
-5.7854	0.2481
-5.7511	0.2481
-5.7167	0.2481
-5.6824	0.2481
-5.6481	0.2481
-5.6137	0.2481
-5.5794	0.248
-5.5451	0.248
-5.5107	0.248
-5.4764	0.248
-5.4421	0.248
-5.4077	0.248
-5.3734	0.248
-5.3391	0.2479
-5.3047	0.2479
-5.2704	0.2479
-5.2361	0.2479
-5.2017	0.2479
-5.1674	0.2479
-5.133	0.2478
-5.0987	0.2478
-5.0644	0.2478
-5.03	0.2478
-4.9957	0.2478
-4.9614	0.2477
-4.927	0.2477
-4.8927	0.2477
-4.8584	0.2477
-4.824	0.2477
-4.7897	0.2477
-4.7554	0.2476
-4.721	0.2476
-4.6867	0.2476
-4.6524	0.2476
-4.618	0.2475
-4.5837	0.2475
-4.5494	0.2475
-4.515	0.2475
-4.4807	0.2475
-4.4464	0.2474
-4.412	0.2474
-4.3777	0.2474
-4.3433	0.2474
-4.309	0.2473
-4.2747	0.2473
-4.2403	0.2473
-4.206	0.2473
-4.1717	0.2472
-4.1373	0.2472
-4.103	0.2472
-4.0687	0.2471
-4.0343	0.2471
-4	0.2471
-3.9657	0.247
-3.9313	0.247
-3.897	0.247
-3.8627	0.2469
-3.8283	0.2469
-3.794	0.2469
-3.7597	0.2468
-3.7253	0.2468
-3.691	0.2468
-3.6567	0.2467
-3.6223	0.2467
-3.588	0.2466
-3.5536	0.2466
-3.5193	0.2466
-3.485	0.2465
-3.4506	0.2465
-3.4163	0.2464
-3.382	0.2464
-3.3476	0.2463
-3.3133	0.2463
-3.279	0.2462
-3.2446	0.2462
-3.2103	0.2461
-3.176	0.2461
-3.1416	0.246
-3.1073	0.2459
-3.073	0.2459
-3.0386	0.2458
-3.0043	0.2458
-2.97	0.2457
-2.9356	0.2456
-2.9013	0.2456
-2.867	0.2455
-2.8326	0.2454
-2.7983	0.2453
-2.7639	0.2452
-2.7296	0.2452
-2.6953	0.2451
-2.6609	0.245
-2.6266	0.2449
-2.5923	0.2448
-2.5579	0.2447
-2.5236	0.2446
-2.4893	0.2445
-2.4549	0.2444
-2.4206	0.2442
-2.3863	0.2441
-2.3519	0.244
-2.3176	0.2439
-2.2833	0.2437
-2.2489	0.2436
-2.2146	0.2434
-2.1803	0.2433
-2.1459	0.2431
-2.1116	0.2429
-2.0773	0.2427
-2.0429	0.2425
-2.0086	0.2423
-1.9742	0.2421
-1.9399	0.2418
-1.9056	0.2416
-1.8712	0.2413
-1.8369	0.241
-1.8026	0.2407
-1.7682	0.2404
-1.7339	0.2401
-1.6996	0.2397
-1.6652	0.2393
-1.6309	0.2388
-1.5966	0.2384
-1.5622	0.2379
-1.5279	0.2373
-1.4936	0.2367
-1.4592	0.236
-1.4249	0.2352
-1.3906	0.2344
-1.3562	0.2334
-1.3219	0.2324
-1.2876	0.2312
-1.2532	0.2298
-1.2189	0.2282
-1.1845	0.2263
-1.1502	0.224
-1.1159	0.2213
-1.0815	0.2179
-1.0472	0.2136
-1.0129	0.208
-0.9785	0.2004
-0.9442	0.1895
-0.9099	0.1722
-0.8755	0.1413
-0.8412	0.0697
-0.8069	-0.279
